0.0000000  0.0000000  0.0000000  0.0000000  0.0000000  0.0000000  0.0000000  0.0000000  0.0000000  0.0000000  0.0000000  0.0000000  0.0000000  0.0000000  0.0000000  0.0000000  0.0000000  0.0000000  0.0000000  0.0000000  0.0000000  0.0000000  0.0000000  0.0000000  0.0000000  0.0000000  0.0000000  0.0000000  0.0000000  0.0000000  0.0000000  0.0000000  0.0000000  0.0000000  0.0000000  0.0000000  0.0000000  0.0000000  0.0000000  0.0000000  0.0000000  0.0000000  0.0000000  0.0000000  0.0000000  0.0000000  0.0000000  0.0000000  0.0000000  0.0000000  0.0000000  0.0000000  0.0000000  0.0000000  0.0000000  0.0000000  0.0000000  0.0000000  0.0000000  0.0000000  0.0000000  0.0000000  0.0000000  0.0000000  0.0000000  0.0000000  0.0000000  0.0000000  0.0000000  0.0000000  0.0000000  0.0000000  0.0000000  0.0000000  0.0000000  0.0000000  0.0000000  0.0000000  0.0000000  0.0000000  0.0000000  0.0000000  0.0000000  0.0000000  0.0000000  0.0000000  0.0000000  0.0000000  0.0000000  0.0000000  0.0000000  0.0000000  0.0000000  0.0000000  0.0000000  0.0000000  0.0000000  0.0000000  0.0000000  0.0000000  0.0000000  0.0000000  
0.010000000  0.0000000  5.1023662E-08  1.0199697E-07  1.5286962E-07  2.0359141E-07  2.5411227E-07  3.0438236E-07  3.5435206E-07  4.0397205E-07  4.5319338E-07  5.0196746E-07  5.5024615E-07  5.9798182E-07  6.4512735E-07  6.9163623E-07  7.3746253E-07  7.8256106E-07  8.2688729E-07  8.7039748E-07  9.1304869E-07  9.5479884E-07  9.9560671E-07  1.0354320E-06  1.0742355E-06  1.1119789E-06  1.1486248E-06  1.1841372E-06  1.2184810E-06  1.2516223E-06  1.2835284E-06  1.3141679E-06  1.3435104E-06  1.3715270E-06  1.3981900E-06  1.4234733E-06  1.4473517E-06  1.4698018E-06  1.4908014E-06  1.5103297E-06  1.5283675E-06  1.5448970E-06  1.5599018E-06  1.5733673E-06  1.5852800E-06  1.5956282E-06  1.6044017E-06  1.6115919E-06  1.6171917E-06  1.6211954E-06  1.6235993E-06  1.6244008E-06  1.6235993E-06  1.6211954E-06  1.6171917E-06  1.6115919E-06  1.6044017E-06  1.5956282E-06  1.5852800E-06  1.5733673E-06  1.5599018E-06  1.5448970E-06  1.5283675E-06  1.5103297E-06  1.4908014E-06  1.4698018E-06  1.4473517E-06  1.4234733E-06  1.3981900E-06  1.3715270E-06  1.3435104E-06  1.3141679E-06  1.2835284E-06  1.2516223E-06  1.2184810E-06  1.1841372E-06  1.1486248E-06  1.1119789E-06  1.0742355E-06  1.0354320E-06  9.9560671E-07  9.5479884E-07  9.1304869E-07  8.7039748E-07  8.2688729E-07  7.8256106E-07  7.3746253E-07  6.9163623E-07  6.4512735E-07  5.9798182E-07  5.5024615E-07  5.0196746E-07  4.5319338E-07  4.0397205E-07  3.5435206E-07  3.0438236E-07  2.5411227E-07  2.0359141E-07  1.5286962E-07  1.0199697E-07  5.1023662E-08  0.0000000  
0.020000000  0.0000000  1.0199697E-07  2.0389328E-07  3.0558838E-07  4.0698189E-07  5.0797376E-07  6.0846433E-07  7.0835441E-07  8.0754544E-07  9.0593951E-07  1.0034395E-06  1.0999493E-06  1.1953735E-06  1.2896180E-06  1.3825899E-06  1.4741973E-06  1.5643498E-06  1.6529585E-06  1.7399360E-06  1.8251963E-06  1.9086554E-06  1.9902309E-06  2.0698422E-06  2.1474109E-06  2.2228604E-06  2.2961161E-06  2.3671059E-06  2.4357596E-06  2.5020095E-06  2.5657902E-06  2.6270388E-06  2.6856948E-06  2.7417004E-06  2.7950002E-06  2.8455418E-06  2.8932751E-06  2.9381531E-06  2.9801315E-06  3.0191688E-06  3.0552267E-06  3.0882693E-06  3.1182642E-06  3.1451818E-06  3.1689955E-06  3.1896817E-06  3.2072201E-06  3.2215934E-06  3.2327873E-06  3.2407909E-06  3.2455962E-06  3.2471985E-06  3.2455962E-06  3.2407909E-06  3.2327873E-06  3.2215934E-06  3.2072201E-06  3.1896817E-06  3.1689955E-06  3.1451818E-06  3.1182642E-06  3.0882693E-06  3.0552267E-06  3.0191688E-06  2.9801315E-06  2.9381531E-06  2.8932751E-06  2.8455418E-06  2.7950002E-06  2.7417004E-06  2.6856948E-06  2.6270388E-06  2.5657902E-06  2.5020095E-06  2.4357596E-06  2.3671059E-06  2.2961161E-06  2.2228604E-06  2.1474109E-06  2.0698422E-06  1.9902309E-06  1.9086554E-06  1.8251963E-06  1.7399360E-06  1.6529585E-06  1.5643498E-06  1.4741973E-06  1.3825899E-06  1.2896180E-06  1.1953735E-06  1.0999493E-06  1.0034395E-06  9.0593951E-07  8.0754544E-07  7.0835441E-07  6.0846433E-07  5.0797376E-07  4.0698189E-07  3.0558838E-07  2.0389328E-07  1.0199697E-07  0.0000000  
0.030000000  0.0000000  1.5286962E-07  3.0558838E-07  4.5800555E-07  6.0997074E-07  7.6133395E-07  9.1194582E-07  1.0616577E-06  1.2103219E-06  1.3577916E-06  1.5039213E-06  1.6485669E-06  1.7915855E-06  1.9328360E-06  2.0721791E-06  2.2094772E-06  2.3445948E-06  2.4773985E-06  2.6077574E-06  2.7355427E-06  2.8606284E-06  2.9828909E-06  3.1022098E-06  3.2184671E-06  3.3315481E-06  3.4413414E-06  3.5477384E-06  3.6506343E-06  3.7499274E-06  3.8455198E-06  3.9373172E-06  4.0252288E-06  4.1091681E-06  4.1890521E-06  4.2648020E-06  4.3363431E-06  4.4036048E-06  4.4665206E-06  4.5250284E-06  4.5790707E-06  4.6285939E-06  4.6735493E-06  4.7138924E-06  4.7495836E-06  4.7805874E-06  4.8068734E-06  4.8284156E-06  4.8451927E-06  4.8571882E-06  4.8643902E-06  4.8667917E-06  4.8643902E-06  4.8571882E-06  4.8451927E-06  4.8284156E-06  4.8068734E-06  4.7805874E-06  4.7495836E-06  4.7138924E-06  4.6735493E-06  4.6285939E-06  4.5790707E-06  4.5250284E-06  4.4665206E-06  4.4036048E-06  4.3363431E-06  4.2648020E-06  4.1890521E-06  4.1091681E-06  4.0252288E-06  3.9373172E-06  3.8455198E-06  3.7499274E-06  3.6506343E-06  3.5477384E-06  3.4413414E-06  3.3315481E-06  3.2184671E-06  3.1022098E-06  2.9828909E-06  2.8606284E-06  2.7355427E-06  2.6077574E-06  2.4773985E-06  2.3445948E-06  2.2094772E-06  2.0721791E-06  1.9328360E-06  1.7915855E-06  1.6485669E-06  1.5039213E-06  1.3577916E-06  1.2103219E-06  1.0616577E-06  9.1194582E-07  7.6133395E-07  6.0997074E-07  4.5800555E-07  3.0558838E-07  1.5286962E-07  0.0000000  
0.040000000  0.0000000  2.0359141E-07  4.0698189E-07  6.0997074E-07  8.1235761E-07  1.0139428E-06  1.2145273E-06  1.4139133E-06  1.6119039E-06  1.8083037E-06  2.0029189E-06  2.1955576E-06  2.3860294E-06  2.5741466E-06  2.7597233E-06  2.9425766E-06  3.1225259E-06  3.2993936E-06  3.4730052E-06  3.6431894E-06  3.8097782E-06  3.9726072E-06  4.1315158E-06  4.2863470E-06  4.4369481E-06  4.5831705E-06  4.7248698E-06  4.8619063E-06  4.9941447E-06  5.1214544E-06  5.2437099E-06  5.3607904E-06  5.4725806E-06  5.5789699E-06  5.6798535E-06  5.7751317E-06  5.8647106E-06  5.9485017E-06  6.0264224E-06  6.0983957E-06  6.1643507E-06  6.2242221E-06  6.2779510E-06  6.3254844E-06  6.3667752E-06  6.4017828E-06  6.4304726E-06  6.4528164E-06  6.4687919E-06  6.4783836E-06  6.4815819E-06  6.4783836E-06  6.4687919E-06  6.4528164E-06  6.4304726E-06  6.4017828E-06  6.3667752E-06  6.3254844E-06  6.2779510E-06  6.2242221E-06  6.1643507E-06  6.0983957E-06  6.0264224E-06  5.9485017E-06  5.8647106E-06  5.7751317E-06  5.6798535E-06  5.5789699E-06  5.4725806E-06  5.3607904E-06  5.2437099E-06  5.1214544E-06  4.9941447E-06  4.8619063E-06  4.7248698E-06  4.5831705E-06  4.4369481E-06  4.2863470E-06  4.1315158E-06  3.9726072E-06  3.8097782E-06  3.6431894E-06  3.4730052E-06  3.2993936E-06  3.1225259E-06  2.9425766E-06  2.7597233E-06  2.5741466E-06  2.3860294E-06  2.1955576E-06  2.0029189E-06  1.8083037E-06  1.6119039E-06  1.4139133E-06  1.2145273E-06  1.0139428E-06  8.1235761E-07  6.0997074E-07  4.0698189E-07  2.0359141E-07  0.0000000  
0.050000000  0.0000000  2.5411227E-07  5.0797376E-07  7.6133395E-07  1.0139428E-06  1.2655510E-06  1.5159102E-06  1.7647735E-06  2.0118951E-06  2.2570312E-06  2.4999399E-06  2.7403815E-06  2.9781186E-06  3.2129167E-06  3.4445440E-06  3.6727720E-06  3.8973754E-06  4.1181326E-06  4.3348256E-06  4.5472408E-06  4.7551683E-06  4.9584031E-06  5.1567445E-06  5.3499968E-06  5.5379693E-06  5.7204765E-06  5.8973383E-06  6.0683802E-06  6.2334333E-06  6.3923347E-06  6.5449277E-06  6.6910616E-06  6.8305922E-06  6.9633819E-06  7.0892996E-06  7.2082210E-06  7.3200287E-06  7.4246124E-06  7.5218690E-06  7.6117024E-06  7.6940239E-06  7.7687524E-06  7.8358140E-06  7.8951427E-06  7.9466798E-06  7.9903745E-06  8.0261836E-06  8.0540719E-06  8.0740118E-06  8.0859836E-06  8.0899755E-06  8.0859836E-06  8.0740118E-06  8.0540719E-06  8.0261836E-06  7.9903745E-06  7.9466798E-06  7.8951427E-06  7.8358140E-06  7.7687524E-06  7.6940239E-06  7.6117024E-06  7.5218690E-06  7.4246124E-06  7.3200287E-06  7.2082210E-06  7.0892996E-06  6.9633819E-06  6.8305922E-06  6.6910616E-06  6.5449277E-06  6.3923347E-06  6.2334333E-06  6.0683802E-06  5.8973383E-06  5.7204765E-06  5.5379693E-06  5.3499968E-06  5.1567445E-06  4.9584031E-06  4.7551683E-06  4.5472408E-06  4.3348256E-06  4.1181326E-06  3.8973754E-06  3.6727720E-06  3.4445440E-06  3.2129167E-06  2.9781186E-06  2.7403815E-06  2.4999399E-06  2.2570312E-06  2.0118951E-06  1.7647735E-06  1.5159102E-06  1.2655510E-06  1.0139428E-06  7.6133395E-07  5.0797376E-07  2.5411227E-07  0.0000000  
0.060000000  0.0000000  3.0438236E-07  6.0846433E-07  9.1194582E-07  1.2145273E-06  1.5159102E-06  1.8157971E-06  2.1138921E-06  2.4099008E-06  2.7035313E-06  2.9944937E-06  3.2825010E-06  3.5672688E-06  3.8485161E-06  4.1259654E-06  4.3993429E-06  4.6683787E-06  4.9328075E-06  5.1923681E-06  5.4468045E-06  5.6958656E-06  5.9393055E-06  6.1768841E-06  6.4083668E-06  6.6335252E-06  6.8521372E-06  7.0639869E-06  7.2688653E-06  7.4665702E-06  7.6569065E-06  7.8396864E-06  8.0147295E-06  8.1818629E-06  8.3409219E-06  8.4917494E-06  8.6341966E-06  8.7681228E-06  8.8933960E-06  9.0098924E-06  9.1174972E-06  9.2161041E-06  9.3056158E-06  9.3859441E-06  9.4570095E-06  9.5187420E-06  9.5710806E-06  9.6139737E-06  9.6473791E-06  9.6712636E-06  9.6856037E-06  9.6903853E-06  9.6856037E-06  9.6712636E-06  9.6473791E-06  9.6139737E-06  9.5710806E-06  9.5187420E-06  9.4570095E-06  9.3859441E-06  9.3056158E-06  9.2161041E-06  9.1174972E-06  9.0098924E-06  8.8933960E-06  8.7681228E-06  8.6341966E-06  8.4917494E-06  8.3409219E-06  8.1818629E-06  8.0147295E-06  7.8396864E-06  7.6569065E-06  7.4665702E-06  7.2688653E-06  7.0639869E-06  6.8521372E-06  6.6335252E-06  6.4083668E-06  6.1768841E-06  5.9393055E-06  5.6958656E-06  5.4468045E-06  5.1923681E-06  4.9328075E-06  4.6683787E-06  4.3993429E-06  4.1259654E-06  3.8485161E-06  3.5672688E-06  3.2825010E-06  2.9944937E-06  2.7035313E-06  2.4099008E-06  2.1138921E-06  1.8157971E-06  1.5159102E-06  1.2145273E-06  9.1194582E-07  6.0846433E-07  3.0438236E-07  0.0000000  
0.070000000  0.0000000  3.5435206E-07  7.0835441E-07  1.0616577E-06  1.4139133E-06  1.7647735E-06  2.1138921E-06  2.4609245E-06  2.8055283E-06  3.1473634E-06  3.4860924E-06  3.8213810E-06  4.1528985E-06  4.4803175E-06  4.8033149E-06  5.1215721E-06  5.4347749E-06  5.7426143E-06  6.0447863E-06  6.3409929E-06  6.6309417E-06  6.9143466E-06  7.1909279E-06  7.4604125E-06  7.7225347E-06  7.9770356E-06  8.2236641E-06  8.4621769E-06  8.6923386E-06  8.9139219E-06  9.1267083E-06  9.3304878E-06  9.5250591E-06  9.7102304E-06  9.8858189E-06  1.0051651E-05  1.0207564E-05  1.0353403E-05  1.0489024E-05  1.0614294E-05  1.0729089E-05  1.0833296E-05  1.0926811E-05  1.1009543E-05  1.1081410E-05  1.1142341E-05  1.1192276E-05  1.1231165E-05  1.1258971E-05  1.1275665E-05  1.1281232E-05  1.1275665E-05  1.1258971E-05  1.1231165E-05  1.1192276E-05  1.1142341E-05  1.1081410E-05  1.1009543E-05  1.0926811E-05  1.0833296E-05  1.0729089E-05  1.0614294E-05  1.0489024E-05  1.0353403E-05  1.0207564E-05  1.0051651E-05  9.8858189E-06  9.7102304E-06  9.5250591E-06  9.3304878E-06  9.1267083E-06  8.9139219E-06  8.6923386E-06  8.4621769E-06  8.2236641E-06  7.9770356E-06  7.7225347E-06  7.4604125E-06  7.1909279E-06  6.9143466E-06  6.6309417E-06  6.3409929E-06  6.0447863E-06  5.7426143E-06  5.4347749E-06  5.1215721E-06  4.8033149E-06  4.4803175E-06  4.1528985E-06  3.8213810E-06  3.4860924E-06  3.1473634E-06  2.8055283E-06  2.4609245E-06  2.1138921E-06  1.7647735E-06  1.4139133E-06  1.0616577E-06  7.0835441E-07  3.5435206E-07  0.0000000  
0.080000000  0.0000000  4.0397205E-07  8.0754544E-07  1.2103219E-06  1.6119039E-06  2.0118951E-06  2.4099008E-06  2.8055283E-06  3.1983870E-06  3.5880893E-06  3.9742507E-06  4.3564899E-06  4.7344297E-06  5.1076973E-06  5.4759242E-06  5.8387470E-06  6.1958076E-06  6.5467538E-06  6.8912391E-06  7.2289236E-06  7.5594740E-06  7.8825641E-06  8.1978751E-06  8.5050957E-06  8.8039229E-06  9.0940616E-06  9.3752256E-06  9.6471374E-06  9.9095287E-06  1.0162140E-05  1.0404723E-05  1.0637038E-05  1.0858855E-05  1.1069956E-05  1.1270132E-05  1.1459186E-05  1.1636931E-05  1.1803192E-05  1.1957805E-05  1.2100616E-05  1.2231486E-05  1.2350285E-05  1.2456895E-05  1.2551212E-05  1.2633143E-05  1.2702606E-05  1.2759533E-05  1.2803868E-05  1.2835567E-05  1.2854599E-05  1.2860945E-05  1.2854599E-05  1.2835567E-05  1.2803868E-05  1.2759533E-05  1.2702606E-05  1.2633143E-05  1.2551212E-05  1.2456895E-05  1.2350285E-05  1.2231486E-05  1.2100616E-05  1.1957805E-05  1.1803192E-05  1.1636931E-05  1.1459186E-05  1.1270132E-05  1.1069956E-05  1.0858855E-05  1.0637038E-05  1.0404723E-05  1.0162140E-05  9.9095287E-06  9.6471374E-06  9.3752256E-06  9.0940616E-06  8.8039229E-06  8.5050957E-06  8.1978751E-06  7.8825641E-06  7.5594740E-06  7.2289236E-06  6.8912391E-06  6.5467538E-06  6.1958076E-06  5.8387470E-06  5.4759242E-06  5.1076973E-06  4.7344297E-06  4.3564899E-06  3.9742507E-06  3.5880893E-06  3.1983870E-06  2.8055283E-06  2.4099008E-06  2.0118951E-06  1.6119039E-06  1.2103219E-06  8.0754544E-07  4.0397205E-07  0.0000000  
0.090000000  0.0000000  4.5319338E-07  9.0593951E-07  1.3577916E-06  1.8083037E-06  2.2570312E-06  2.7035313E-06  3.1473634E-06  3.5880893E-06  4.0252743E-06  4.4584868E-06  4.8872994E-06  5.3112887E-06  5.7300364E-06  6.1431293E-06  6.5501597E-06  6.9507258E-06  7.3444325E-06  7.7308910E-06  8.1097201E-06  8.4805459E-06  8.8430024E-06  9.1967319E-06  9.5413854E-06  9.8766227E-06  1.0202113E-05  1.0517535E-05  1.0822577E-05  1.1116939E-05  1.1400330E-05  1.1672470E-05  1.1933091E-05  1.2181935E-05  1.2418757E-05  1.2643323E-05  1.2855412E-05  1.3054814E-05  1.3241333E-05  1.3414784E-05  1.3574996E-05  1.3721812E-05  1.3855085E-05  1.3974685E-05  1.4080494E-05  1.4172408E-05  1.4250334E-05  1.4314198E-05  1.4363935E-05  1.4399496E-05  1.4420847E-05  1.4427966E-05  1.4420847E-05  1.4399496E-05  1.4363935E-05  1.4314198E-05  1.4250334E-05  1.4172408E-05  1.4080494E-05  1.3974685E-05  1.3855085E-05  1.3721812E-05  1.3574996E-05  1.3414784E-05  1.3241333E-05  1.3054814E-05  1.2855412E-05  1.2643323E-05  1.2418757E-05  1.2181935E-05  1.1933091E-05  1.1672470E-05  1.1400330E-05  1.1116939E-05  1.0822577E-05  1.0517535E-05  1.0202113E-05  9.8766227E-06  9.5413854E-06  9.1967319E-06  8.8430024E-06  8.4805459E-06  8.1097201E-06  7.7308910E-06  7.3444325E-06  6.9507258E-06  6.5501597E-06  6.1431293E-06  5.7300364E-06  5.3112887E-06  4.8872994E-06  4.4584868E-06  4.0252743E-06  3.5880893E-06  3.1473634E-06  2.7035313E-06  2.2570312E-06  1.8083037E-06  1.3577916E-06  9.0593951E-07  4.5319338E-07  0.0000000  
0.10000000  0.0000000  5.0196746E-07  1.0034395E-06  1.5039213E-06  2.0029189E-06  2.4999399E-06  2.9944937E-06  3.4860924E-06  3.9742507E-06  4.4584868E-06  4.9383230E-06  5.4132857E-06  5.8829061E-06  6.3467207E-06  6.8042720E-06  7.2551082E-06  7.6987845E-06  8.1348631E-06  8.5629135E-06  8.9825134E-06  9.3932486E-06  9.7947138E-06  1.0186513E-05  1.0568259E-05  1.0939575E-05  1.1300096E-05  1.1649465E-05  1.1987337E-05  1.2313379E-05  1.2627269E-05  1.2928697E-05  1.3217367E-05  1.3492993E-05  1.3755302E-05  1.4004037E-05  1.4238952E-05  1.4459814E-05  1.4666406E-05  1.4858525E-05  1.5035979E-05  1.5198595E-05  1.5346212E-05  1.5478684E-05  1.5595881E-05  1.5697686E-05  1.5783999E-05  1.5854736E-05  1.5909826E-05  1.5949215E-05  1.5972863E-05  1.5980749E-05  1.5972863E-05  1.5949215E-05  1.5909826E-05  1.5854736E-05  1.5783999E-05  1.5697686E-05  1.5595881E-05  1.5478684E-05  1.5346212E-05  1.5198595E-05  1.5035979E-05  1.4858525E-05  1.4666406E-05  1.4459814E-05  1.4238952E-05  1.4004037E-05  1.3755302E-05  1.3492993E-05  1.3217367E-05  1.2928697E-05  1.2627269E-05  1.2313379E-05  1.1987337E-05  1.1649465E-05  1.1300096E-05  1.0939575E-05  1.0568259E-05  1.0186513E-05  9.7947138E-06  9.3932486E-06  8.9825134E-06  8.5629135E-06  8.1348631E-06  7.6987845E-06  7.2551082E-06  6.8042720E-06  6.3467207E-06  5.8829061E-06  5.4132857E-06  4.9383230E-06  4.4584868E-06  3.9742507E-06  3.4860924E-06  2.9944937E-06  2.4999399E-06  2.0029189E-06  1.5039213E-06  1.0034395E-06  5.0196746E-07  0.0000000  
0.11000000  0.0000000  5.5024615E-07  1.0999493E-06  1.6485669E-06  2.1955576E-06  2.7403815E-06  3.2825010E-06  3.8213810E-06  4.3564899E-06  4.8872994E-06  5.4132857E-06  5.9339297E-06  6.4487177E-06  6.9571416E-06  7.4586996E-06  7.9528968E-06  8.4392454E-06  8.9172656E-06  9.3864854E-06  9.8464419E-06  1.0296681E-05  1.0736759E-05  1.1166241E-05  1.1584703E-05  1.1991732E-05  1.2386927E-05  1.2769898E-05  1.3140266E-05  1.3497666E-05  1.3841746E-05  1.4172166E-05  1.4488599E-05  1.4790734E-05  1.5078273E-05  1.5350930E-05  1.5608439E-05  1.5850544E-05  1.6077006E-05  1.6287602E-05  1.6482124E-05  1.6660380E-05  1.6822195E-05  1.6967408E-05  1.7095876E-05  1.7207473E-05  1.7302088E-05  1.7379628E-05  1.7440016E-05  1.7483193E-05  1.7509116E-05  1.7517760E-05  1.7509116E-05  1.7483193E-05  1.7440016E-05  1.7379628E-05  1.7302088E-05  1.7207473E-05  1.7095876E-05  1.6967408E-05  1.6822195E-05  1.6660380E-05  1.6482124E-05  1.6287602E-05  1.6077006E-05  1.5850544E-05  1.5608439E-05  1.5350930E-05  1.5078273E-05  1.4790734E-05  1.4488599E-05  1.4172166E-05  1.3841746E-05  1.3497666E-05  1.3140266E-05  1.2769898E-05  1.2386927E-05  1.1991732E-05  1.1584703E-05  1.1166241E-05  1.0736759E-05  1.0296681E-05  9.8464419E-06  9.3864854E-06  8.9172656E-06  8.4392454E-06  7.9528968E-06  7.4586996E-06  6.9571416E-06  6.4487177E-06  5.9339297E-06  5.4132857E-06  4.8872994E-06  4.3564899E-06  3.8213810E-06  3.2825010E-06  2.7403815E-06  2.1955576E-06  1.6485669E-06  1.0999493E-06  5.5024615E-07  0.0000000  
0.12000000  0.0000000  5.9798182E-07  1.1953735E-06  1.7915855E-06  2.3860294E-06  2.9781186E-06  3.5672688E-06  4.1528985E-06  4.7344297E-06  5.3112887E-06  5.8829061E-06  6.4487177E-06  7.0081653E-06  7.5606966E-06  8.1057664E-06  8.6428368E-06  9.1713778E-06  9.6908678E-06  1.0200794E-05  1.0700653E-05  1.1189952E-05  1.1668208E-05  1.2134949E-05  1.2589714E-05  1.3032055E-05  1.3461534E-05  1.3877729E-05  1.4280227E-05  1.4668633E-05  1.5042563E-05  1.5401648E-05  1.5745533E-05  1.6073879E-05  1.6386363E-05  1.6682674E-05  1.6962522E-05  1.7225630E-05  1.7471739E-05  1.7700605E-05  1.7912003E-05  1.8105723E-05  1.8281576E-05  1.8439386E-05  1.8579000E-05  1.8700278E-05  1.8803101E-05  1.8887368E-05  1.8952995E-05  1.8999918E-05  1.9028090E-05  1.9037484E-05  1.9028090E-05  1.8999918E-05  1.8952995E-05  1.8887368E-05  1.8803101E-05  1.8700278E-05  1.8579000E-05  1.8439386E-05  1.8281576E-05  1.8105723E-05  1.7912003E-05  1.7700605E-05  1.7471739E-05  1.7225630E-05  1.6962522E-05  1.6682674E-05  1.6386363E-05  1.6073879E-05  1.5745533E-05  1.5401648E-05  1.5042563E-05  1.4668633E-05  1.4280227E-05  1.3877729E-05  1.3461534E-05  1.3032055E-05  1.2589714E-05  1.2134949E-05  1.1668208E-05  1.1189952E-05  1.0700653E-05  1.0200794E-05  9.6908678E-06  9.1713778E-06  8.6428368E-06  8.1057664E-06  7.5606966E-06  7.0081653E-06  6.4487177E-06  5.8829061E-06  5.3112887E-06  4.7344297E-06  4.1528985E-06  3.5672688E-06  2.9781186E-06  2.3860294E-06  1.7915855E-06  1.1953735E-06  5.9798182E-07  0.0000000  
0.13000000  0.0000000  6.4512735E-07  1.2896180E-06  1.9328360E-06  2.5741466E-06  3.2129167E-06  3.8485161E-06  4.4803175E-06  5.1076973E-06  5.7300364E-06  6.3467207E-06  6.9571416E-06  7.5606966E-06  8.1567901E-06  8.7448338E-06  9.3242474E-06  9.8944592E-06  1.0454906E-05  1.1005036E-05  1.1544304E-05  1.2072180E-05  1.2588142E-05  1.3091681E-05  1.3582301E-05  1.4059516E-05  1.4522856E-05  1.4971864E-05  1.5406096E-05  1.5825124E-05  1.6228535E-05  1.6615931E-05  1.6986928E-05  1.7341161E-05  1.7678281E-05  1.7997954E-05  1.8299866E-05  1.8583718E-05  1.8849230E-05  1.9096140E-05  1.9324204E-05  1.9533198E-05  1.9722915E-05  1.9893168E-05  2.0043788E-05  2.0174628E-05  2.0285558E-05  2.0376468E-05  2.0447270E-05  2.0497892E-05  2.0528285E-05  2.0538420E-05  2.0528285E-05  2.0497892E-05  2.0447270E-05  2.0376468E-05  2.0285558E-05  2.0174628E-05  2.0043788E-05  1.9893168E-05  1.9722915E-05  1.9533198E-05  1.9324204E-05  1.9096140E-05  1.8849230E-05  1.8583718E-05  1.8299866E-05  1.7997954E-05  1.7678281E-05  1.7341161E-05  1.6986928E-05  1.6615931E-05  1.6228535E-05  1.5825124E-05  1.5406096E-05  1.4971864E-05  1.4522856E-05  1.4059516E-05  1.3582301E-05  1.3091681E-05  1.2588142E-05  1.2072180E-05  1.1544304E-05  1.1005036E-05  1.0454906E-05  9.8944592E-06  9.3242474E-06  8.7448338E-06  8.1567901E-06  7.5606966E-06  6.9571416E-06  6.3467207E-06  5.7300364E-06  5.1076973E-06  4.4803175E-06  3.8485161E-06  3.2129167E-06  2.5741466E-06  1.9328360E-06  1.2896180E-06  6.4512735E-07  0.0000000  
0.14000000  0.0000000  6.9163623E-07  1.3825899E-06  2.0721791E-06  2.7597233E-06  3.4445440E-06  4.1259654E-06  4.8033149E-06  5.4759242E-06  6.1431293E-06  6.8042720E-06  7.4586996E-06  8.1057664E-06  8.7448338E-06  9.3752711E-06  9.9964561E-06  1.0607776E-05  1.1208627E-05  1.1798417E-05  1.2376563E-05  1.2942494E-05  1.3495654E-05  1.4035494E-05  1.4561483E-05  1.5073102E-05  1.5569845E-05  1.6051223E-05  1.6516761E-05  1.6965998E-05  1.7398492E-05  1.7813815E-05  1.8211559E-05  1.8591330E-05  1.8952753E-05  1.9295473E-05  1.9619150E-05  1.9923465E-05  2.0208119E-05  2.0472829E-05  2.0717335E-05  2.0941396E-05  2.1144790E-05  2.1327317E-05  2.1488796E-05  2.1629068E-05  2.1747995E-05  2.1845460E-05  2.1921365E-05  2.1975637E-05  2.2008222E-05  2.2019087E-05  2.2008222E-05  2.1975637E-05  2.1921365E-05  2.1845460E-05  2.1747995E-05  2.1629068E-05  2.1488796E-05  2.1327317E-05  2.1144790E-05  2.0941396E-05  2.0717335E-05  2.0472829E-05  2.0208119E-05  1.9923465E-05  1.9619150E-05  1.9295473E-05  1.8952753E-05  1.8591330E-05  1.8211559E-05  1.7813815E-05  1.7398492E-05  1.6965998E-05  1.6516761E-05  1.6051223E-05  1.5569845E-05  1.5073102E-05  1.4561483E-05  1.4035494E-05  1.3495654E-05  1.2942494E-05  1.2376563E-05  1.1798417E-05  1.1208627E-05  1.0607776E-05  9.9964561E-06  9.3752711E-06  8.7448338E-06  8.1057664E-06  7.4586996E-06  6.8042720E-06  6.1431293E-06  5.4759242E-06  4.8033149E-06  4.1259654E-06  3.4445440E-06  2.7597233E-06  2.0721791E-06  1.3825899E-06  6.9163623E-07  0.0000000  
0.15000000  0.0000000  7.3746253E-07  1.4741973E-06  2.2094772E-06  2.9425766E-06  3.6727720E-06  4.3993429E-06  5.1215721E-06  5.8387470E-06  6.5501597E-06  7.2551082E-06  7.9528968E-06  8.6428368E-06  9.3242474E-06  9.9964561E-06  1.0658800E-05  1.1310624E-05  1.1951286E-05  1.2580154E-05  1.3196607E-05  1.3800036E-05  1.4389846E-05  1.4965455E-05  1.5526295E-05  1.6071813E-05  1.6601470E-05  1.7114742E-05  1.7611125E-05  1.8090128E-05  1.8551278E-05  1.8994120E-05  1.9418217E-05  1.9823151E-05  2.0208521E-05  2.0573949E-05  2.0919072E-05  2.1243551E-05  2.1547065E-05  2.1829314E-05  2.2090021E-05  2.2328927E-05  2.2545798E-05  2.2740418E-05  2.2912597E-05  2.3062163E-05  2.3188970E-05  2.3292892E-05  2.3373827E-05  2.3431695E-05  2.3466438E-05  2.3478023E-05  2.3466438E-05  2.3431695E-05  2.3373827E-05  2.3292892E-05  2.3188970E-05  2.3062163E-05  2.2912597E-05  2.2740418E-05  2.2545798E-05  2.2328927E-05  2.2090021E-05  2.1829314E-05  2.1547065E-05  2.1243551E-05  2.0919072E-05  2.0573949E-05  2.0208521E-05  1.9823151E-05  1.9418217E-05  1.8994120E-05  1.8551278E-05  1.8090128E-05  1.7611125E-05  1.7114742E-05  1.6601470E-05  1.6071813E-05  1.5526295E-05  1.4965455E-05  1.4389846E-05  1.3800036E-05  1.3196607E-05  1.2580154E-05  1.1951286E-05  1.1310624E-05  1.0658800E-05  9.9964561E-06  9.3242474E-06  8.6428368E-06  7.9528968E-06  7.2551082E-06  6.5501597E-06  5.8387470E-06  5.1215721E-06  4.3993429E-06  3.6727720E-06  2.9425766E-06  2.2094772E-06  1.4741973E-06  7.3746253E-07  0.0000000  
0.16000000  0.0000000  7.8256106E-07  1.5643498E-06  2.3445948E-06  3.1225259E-06  3.8973754E-06  4.6683787E-06  5.4347749E-06  6.1958076E-06  6.9507258E-06  7.6987845E-06  8.4392454E-06  9.1713778E-06  9.8944592E-06  1.0607776E-05  1.1310624E-05  1.2002310E-05  1.2682151E-05  1.3349476E-05  1.4003627E-05  1.4643958E-05  1.5269838E-05  1.5880647E-05  1.6475785E-05  1.7054663E-05  1.7616710E-05  1.8161371E-05  1.8688110E-05  1.9196405E-05  1.9685756E-05  2.0155680E-05  2.0605712E-05  2.1035409E-05  2.1444346E-05  2.1832121E-05  2.2198350E-05  2.2542671E-05  2.2864746E-05  2.3164256E-05  2.3440906E-05  2.3694422E-05  2.3924555E-05  2.4131078E-05  2.4313785E-05  2.4472498E-05  2.4607060E-05  2.4717337E-05  2.4803222E-05  2.4864628E-05  2.4901497E-05  2.4913790E-05  2.4901497E-05  2.4864628E-05  2.4803222E-05  2.4717337E-05  2.4607060E-05  2.4472498E-05  2.4313785E-05  2.4131078E-05  2.3924555E-05  2.3694422E-05  2.3440906E-05  2.3164256E-05  2.2864746E-05  2.2542671E-05  2.2198350E-05  2.1832121E-05  2.1444346E-05  2.1035409E-05  2.0605712E-05  2.0155680E-05  1.9685756E-05  1.9196405E-05  1.8688110E-05  1.8161371E-05  1.7616710E-05  1.7054663E-05  1.6475785E-05  1.5880647E-05  1.5269838E-05  1.4643958E-05  1.4003627E-05  1.3349476E-05  1.2682151E-05  1.2002310E-05  1.1310624E-05  1.0607776E-05  9.8944592E-06  9.1713778E-06  8.4392454E-06  7.6987845E-06  6.9507258E-06  6.1958076E-06  5.4347749E-06  4.6683787E-06  3.8973754E-06  3.1225259E-06  2.3445948E-06  1.5643498E-06  7.8256106E-07  0.0000000  
0.17000000  0.0000000  8.2688729E-07  1.6529585E-06  2.4773985E-06  3.2993936E-06  4.1181326E-06  4.9328075E-06  5.7426143E-06  6.5467538E-06  7.3444325E-06  8.1348631E-06  8.9172656E-06  9.6908678E-06  1.0454906E-05  1.1208627E-05  1.1951286E-05  1.2682151E-05  1.3400500E-05  1.4105624E-05  1.4796828E-05  1.5473429E-05  1.6134760E-05  1.6780167E-05  1.7409015E-05  1.8020682E-05  1.8614565E-05  1.9190077E-05  1.9746651E-05  2.0283738E-05  2.0800807E-05  2.1297348E-05  2.1772871E-05  2.2226907E-05  2.2659008E-05  2.3068747E-05  2.3455720E-05  2.3819545E-05  2.4159863E-05  2.4476338E-05  2.4768658E-05  2.5036534E-05  2.5279702E-05  2.5497923E-05  2.5690979E-05  2.5858682E-05  2.6000866E-05  2.6117390E-05  2.6208139E-05  2.6273024E-05  2.6311980E-05  2.6324970E-05  2.6311980E-05  2.6273024E-05  2.6208139E-05  2.6117390E-05  2.6000866E-05  2.5858682E-05  2.5690979E-05  2.5497923E-05  2.5279702E-05  2.5036534E-05  2.4768658E-05  2.4476338E-05  2.4159863E-05  2.3819545E-05  2.3455720E-05  2.3068747E-05  2.2659008E-05  2.2226907E-05  2.1772871E-05  2.1297348E-05  2.0800807E-05  2.0283738E-05  1.9746651E-05  1.9190077E-05  1.8614565E-05  1.8020682E-05  1.7409015E-05  1.6780167E-05  1.6134760E-05  1.5473429E-05  1.4796828E-05  1.4105624E-05  1.3400500E-05  1.2682151E-05  1.1951286E-05  1.1208627E-05  1.0454906E-05  9.6908678E-06  8.9172656E-06  8.1348631E-06  7.3444325E-06  6.5467538E-06  5.7426143E-06  4.9328075E-06  4.1181326E-06  3.2993936E-06  2.4773985E-06  1.6529585E-06  8.2688729E-07  0.0000000  
0.18000000  0.0000000  8.7039748E-07  1.7399360E-06  2.6077574E-06  3.4730052E-06  4.3348256E-06  5.1923681E-06  6.0447863E-06  6.8912391E-06  7.7308910E-06  8.5629135E-06  9.3864854E-06  1.0200794E-05  1.1005036E-05  1.1798417E-05  1.2580154E-05  1.3349476E-05  1.4105624E-05  1.4847852E-05  1.5575426E-05  1.6287629E-05  1.6983759E-05  1.7663127E-05  1.8325064E-05  1.8968917E-05  1.9594049E-05  2.0199845E-05  2.0785705E-05  2.1351053E-05  2.1895330E-05  2.2417999E-05  2.2918543E-05  2.3396470E-05  2.3851308E-05  2.4282607E-05  2.4689942E-05  2.5072912E-05  2.5431137E-05  2.5764265E-05  2.6071966E-05  2.6353938E-05  2.6609901E-05  2.6839604E-05  2.7042820E-05  2.7219347E-05  2.7369012E-05  2.7491667E-05  2.7587191E-05  2.7655490E-05  2.7696497E-05  2.7710170E-05  2.7696497E-05  2.7655490E-05  2.7587191E-05  2.7491667E-05  2.7369012E-05  2.7219347E-05  2.7042820E-05  2.6839604E-05  2.6609901E-05  2.6353938E-05  2.6071966E-05  2.5764265E-05  2.5431137E-05  2.5072912E-05  2.4689942E-05  2.4282607E-05  2.3851308E-05  2.3396470E-05  2.2918543E-05  2.2417999E-05  2.1895330E-05  2.1351053E-05  2.0785705E-05  2.0199845E-05  1.9594049E-05  1.8968917E-05  1.8325064E-05  1.7663127E-05  1.6983759E-05  1.6287629E-05  1.5575426E-05  1.4847852E-05  1.4105624E-05  1.3349476E-05  1.2580154E-05  1.1798417E-05  1.1005036E-05  1.0200794E-05  9.3864854E-06  8.5629135E-06  7.7308910E-06  6.8912391E-06  6.0447863E-06  5.1923681E-06  4.3348256E-06  3.4730052E-06  2.6077574E-06  1.7399360E-06  8.7039748E-07  0.0000000  
0.19000000  0.0000000  9.1304869E-07  1.8251963E-06  2.7355427E-06  3.6431894E-06  4.5472408E-06  5.4468045E-06  6.3409929E-06  7.2289236E-06  8.1097201E-06  8.9825134E-06  9.8464419E-06  1.0700653E-05  1.1544304E-05  1.2376563E-05  1.3196607E-05  1.4003627E-05  1.4796828E-05  1.5575426E-05  1.6338653E-05  1.7085756E-05  1.7815997E-05  1.8528656E-05  1.9223029E-05  1.9898432E-05  2.0554197E-05  2.1189677E-05  2.1804246E-05  2.2397297E-05  2.2968245E-05  2.3516525E-05  2.4041598E-05  2.4542944E-05  2.5020070E-05  2.5472503E-05  2.5899799E-05  2.6301534E-05  2.6677313E-05  2.7026765E-05  2.7349545E-05  2.7645333E-05  2.7913840E-05  2.8154798E-05  2.8367972E-05  2.8553149E-05  2.8710148E-05  2.8838814E-05  2.8939019E-05  2.9010665E-05  2.9053681E-05  2.9068024E-05  2.9053681E-05  2.9010665E-05  2.8939019E-05  2.8838814E-05  2.8710148E-05  2.8553149E-05  2.8367972E-05  2.8154798E-05  2.7913840E-05  2.7645333E-05  2.7349545E-05  2.7026765E-05  2.6677313E-05  2.6301534E-05  2.5899799E-05  2.5472503E-05  2.5020070E-05  2.4542944E-05  2.4041598E-05  2.3516525E-05  2.2968245E-05  2.2397297E-05  2.1804246E-05  2.1189677E-05  2.0554197E-05  1.9898432E-05  1.9223029E-05  1.8528656E-05  1.7815997E-05  1.7085756E-05  1.6338653E-05  1.5575426E-05  1.4796828E-05  1.4003627E-05  1.3196607E-05  1.2376563E-05  1.1544304E-05  1.0700653E-05  9.8464419E-06  8.9825134E-06  8.1097201E-06  7.2289236E-06  6.3409929E-06  5.4468045E-06  4.5472408E-06  3.6431894E-06  2.7355427E-06  1.8251963E-06  9.1304869E-07  0.0000000  
0.20000000  0.0000000  9.5479884E-07  1.9086554E-06  2.8606284E-06  3.8097782E-06  4.7551683E-06  5.6958656E-06  6.6309417E-06  7.5594740E-06  8.4805459E-06  9.3932486E-06  1.0296681E-05  1.1189952E-05  1.2072180E-05  1.2942494E-05  1.3800036E-05  1.4643958E-05  1.5473429E-05  1.6287629E-05  1.7085756E-05  1.7867021E-05  1.8630653E-05  1.9375899E-05  2.0102023E-05  2.0808309E-05  2.1494060E-05  2.2158599E-05  2.2801269E-05  2.3421438E-05  2.4018493E-05  2.4591844E-05  2.5140926E-05  2.5665197E-05  2.6164140E-05  2.6637261E-05  2.7084095E-05  2.7504201E-05  2.7897163E-05  2.8262593E-05  2.8600132E-05  2.8909446E-05  2.9190230E-05  2.9442207E-05  2.9665128E-05  2.9858773E-05  3.0022951E-05  3.0157500E-05  3.0262287E-05  3.0337209E-05  3.0382192E-05  3.0397191E-05  3.0382192E-05  3.0337209E-05  3.0262287E-05  3.0157500E-05  3.0022951E-05  2.9858773E-05  2.9665128E-05  2.9442207E-05  2.9190230E-05  2.8909446E-05  2.8600132E-05  2.8262593E-05  2.7897163E-05  2.7504201E-05  2.7084095E-05  2.6637261E-05  2.6164140E-05  2.5665197E-05  2.5140926E-05  2.4591844E-05  2.4018493E-05  2.3421438E-05  2.2801269E-05  2.2158599E-05  2.1494060E-05  2.0808309E-05  2.0102023E-05  1.9375899E-05  1.8630653E-05  1.7867021E-05  1.7085756E-05  1.6287629E-05  1.5473429E-05  1.4643958E-05  1.3800036E-05  1.2942494E-05  1.2072180E-05  1.1189952E-05  1.0296681E-05  9.3932486E-06  8.4805459E-06  7.5594740E-06  6.6309417E-06  5.6958656E-06  4.7551683E-06  3.8097782E-06  2.8606284E-06  1.9086554E-06  9.5479884E-07  0.0000000  
0.21000000  0.0000000  9.9560671E-07  1.9902309E-06  2.9828909E-06  3.9726072E-06  4.9584031E-06  5.9393055E-06  6.9143466E-06  7.8825641E-06  8.8430024E-06  9.7947138E-06  1.0736759E-05  1.1668208E-05  1.2588142E-05  1.3495654E-05  1.4389846E-05  1.5269838E-05  1.6134760E-05  1.6983759E-05  1.7815997E-05  1.8630653E-05  1.9426922E-05  2.0204020E-05  2.0961179E-05  2.1697651E-05  2.2412711E-05  2.3105652E-05  2.3775790E-05  2.4422465E-05  2.5045037E-05  2.5642894E-05  2.6215443E-05  2.6762122E-05  2.7282389E-05  2.7775732E-05  2.8241663E-05  2.8679724E-05  2.9089481E-05  2.9470530E-05  2.9822495E-05  3.0145029E-05  3.0437814E-05  3.0700560E-05  3.0933009E-05  3.1134930E-05  3.1306125E-05  3.1446424E-05  3.1555690E-05  3.1633814E-05  3.1680719E-05  3.1696360E-05  3.1680719E-05  3.1633814E-05  3.1555690E-05  3.1446424E-05  3.1306125E-05  3.1134930E-05  3.0933009E-05  3.0700560E-05  3.0437814E-05  3.0145029E-05  2.9822495E-05  2.9470530E-05  2.9089481E-05  2.8679724E-05  2.8241663E-05  2.7775732E-05  2.7282389E-05  2.6762122E-05  2.6215443E-05  2.5642894E-05  2.5045037E-05  2.4422465E-05  2.3775790E-05  2.3105652E-05  2.2412711E-05  2.1697651E-05  2.0961179E-05  2.0204020E-05  1.9426922E-05  1.8630653E-05  1.7815997E-05  1.6983759E-05  1.6134760E-05  1.5269838E-05  1.4389846E-05  1.3495654E-05  1.2588142E-05  1.1668208E-05  1.0736759E-05  9.7947138E-06  8.8430024E-06  7.8825641E-06  6.9143466E-06  5.9393055E-06  4.9584031E-06  3.9726072E-06  2.9828909E-06  1.9902309E-06  9.9560671E-07  0.0000000  
0.22000000  0.0000000  1.0354320E-06  2.0698422E-06  3.1022098E-06  4.1315158E-06  5.1567445E-06  6.1768841E-06  7.1909279E-06  8.1978751E-06  9.1967319E-06  1.0186513E-05  1.1166241E-05  1.2134949E-05  1.3091681E-05  1.4035494E-05  1.4965455E-05  1.5880647E-05  1.6780167E-05  1.7663127E-05  1.8528656E-05  1.9375899E-05  2.0204020E-05  2.1012202E-05  2.1799648E-05  2.2565580E-05  2.3309243E-05  2.4029902E-05  2.4726847E-05  2.5399389E-05  2.6046866E-05  2.6668637E-05  2.7264089E-05  2.7832635E-05  2.8373713E-05  2.8886791E-05  2.9371360E-05  2.9826943E-05  3.0253091E-05  3.0649382E-05  3.1015427E-05  3.1350863E-05  3.1655359E-05  3.1928615E-05  3.2170362E-05  3.2380360E-05  3.2558403E-05  3.2704315E-05  3.2817951E-05  3.2899200E-05  3.2947982E-05  3.2964248E-05  3.2947982E-05  3.2899200E-05  3.2817951E-05  3.2704315E-05  3.2558403E-05  3.2380360E-05  3.2170362E-05  3.1928615E-05  3.1655359E-05  3.1350863E-05  3.1015427E-05  3.0649382E-05  3.0253091E-05  2.9826943E-05  2.9371360E-05  2.8886791E-05  2.8373713E-05  2.7832635E-05  2.7264089E-05  2.6668637E-05  2.6046866E-05  2.5399389E-05  2.4726847E-05  2.4029902E-05  2.3309243E-05  2.2565580E-05  2.1799648E-05  2.1012202E-05  2.0204020E-05  1.9375899E-05  1.8528656E-05  1.7663127E-05  1.6780167E-05  1.5880647E-05  1.4965455E-05  1.4035494E-05  1.3091681E-05  1.2134949E-05  1.1166241E-05  1.0186513E-05  9.1967319E-06  8.1978751E-06  7.1909279E-06  6.1768841E-06  5.1567445E-06  4.1315158E-06  3.1022098E-06  2.0698422E-06  1.0354320E-06  0.0000000  
0.23000000  0.0000000  1.0742355E-06  2.1474109E-06  3.2184671E-06  4.2863470E-06  5.3499968E-06  6.4083668E-06  7.4604125E-06  8.5050957E-06  9.5413854E-06  1.0568259E-05  1.1584703E-05  1.2589714E-05  1.3582301E-05  1.4561483E-05  1.5526295E-05  1.6475785E-05  1.7409015E-05  1.8325064E-05  1.9223029E-05  2.0102023E-05  2.0961179E-05  2.1799648E-05  2.2616604E-05  2.3411240E-05  2.4182772E-05  2.4930439E-05  2.5653502E-05  2.6351248E-05  2.7022989E-05  2.7668061E-05  2.8285828E-05  2.8875681E-05  2.9437037E-05  2.9969342E-05  3.0472070E-05  3.0944727E-05  3.1386845E-05  3.1797988E-05  3.2177750E-05  3.2525756E-05  3.2841664E-05  3.3125161E-05  3.3375967E-05  3.3593835E-05  3.3778550E-05  3.3929930E-05  3.4047825E-05  3.4132119E-05  3.4182729E-05  3.4199604E-05  3.4182729E-05  3.4132119E-05  3.4047825E-05  3.3929930E-05  3.3778550E-05  3.3593835E-05  3.3375967E-05  3.3125161E-05  3.2841664E-05  3.2525756E-05  3.2177750E-05  3.1797988E-05  3.1386845E-05  3.0944727E-05  3.0472070E-05  2.9969342E-05  2.9437037E-05  2.8875681E-05  2.8285828E-05  2.7668061E-05  2.7022989E-05  2.6351248E-05  2.5653502E-05  2.4930439E-05  2.4182772E-05  2.3411240E-05  2.2616604E-05  2.1799648E-05  2.0961179E-05  2.0102023E-05  1.9223029E-05  1.8325064E-05  1.7409015E-05  1.6475785E-05  1.5526295E-05  1.4561483E-05  1.3582301E-05  1.2589714E-05  1.1584703E-05  1.0568259E-05  9.5413854E-06  8.5050957E-06  7.4604125E-06  6.4083668E-06  5.3499968E-06  4.2863470E-06  3.2184671E-06  2.1474109E-06  1.0742355E-06  0.0000000  
0.24000000  0.0000000  1.1119789E-06  2.2228604E-06  3.3315481E-06  4.4369481E-06  5.5379693E-06  6.6335252E-06  7.7225347E-06  8.8039229E-06  9.8766227E-06  1.0939575E-05  1.1991732E-05  1.3032055E-05  1.4059516E-05  1.5073102E-05  1.6071813E-05  1.7054663E-05  1.8020682E-05  1.8968917E-05  1.9898432E-05  2.0808309E-05  2.1697651E-05  2.2565580E-05  2.3411240E-05  2.4233796E-05  2.5032436E-05  2.5806371E-05  2.6554839E-05  2.7277101E-05  2.7972443E-05  2.8640180E-05  2.9279653E-05  2.9890230E-05  3.0471309E-05  3.1022317E-05  3.1542709E-05  3.2031972E-05  3.2489624E-05  3.2915212E-05  3.3308318E-05  3.3668551E-05  3.3995558E-05  3.4289016E-05  3.4548634E-05  3.4774157E-05  3.4965362E-05  3.5122061E-05  3.5244098E-05  3.5331354E-05  3.5383741E-05  3.5401210E-05  3.5383741E-05  3.5331354E-05  3.5244098E-05  3.5122061E-05  3.4965362E-05  3.4774157E-05  3.4548634E-05  3.4289016E-05  3.3995558E-05  3.3668551E-05  3.3308318E-05  3.2915212E-05  3.2489624E-05  3.2031972E-05  3.1542709E-05  3.1022317E-05  3.0471309E-05  2.9890230E-05  2.9279653E-05  2.8640180E-05  2.7972443E-05  2.7277101E-05  2.6554839E-05  2.5806371E-05  2.5032436E-05  2.4233796E-05  2.3411240E-05  2.2565580E-05  2.1697651E-05  2.0808309E-05  1.9898432E-05  1.8968917E-05  1.8020682E-05  1.7054663E-05  1.6071813E-05  1.5073102E-05  1.4059516E-05  1.3032055E-05  1.1991732E-05  1.0939575E-05  9.8766227E-06  8.8039229E-06  7.7225347E-06  6.6335252E-06  5.5379693E-06  4.4369481E-06  3.3315481E-06  2.2228604E-06  1.1119789E-06  0.0000000  
0.25000000  0.0000000  1.1486248E-06  2.2961161E-06  3.4413414E-06  4.5831705E-06  5.7204765E-06  6.8521372E-06  7.9770356E-06  9.0940616E-06  1.0202113E-05  1.1300096E-05  1.2386927E-05  1.3461534E-05  1.4522856E-05  1.5569845E-05  1.6601470E-05  1.7616710E-05  1.8614565E-05  1.9594049E-05  2.0554197E-05  2.1494060E-05  2.2412711E-05  2.3309243E-05  2.4182772E-05  2.5032436E-05  2.5857395E-05  2.6656836E-05  2.7429971E-05  2.8176035E-05  2.8894293E-05  2.9584035E-05  3.0244582E-05  3.0875281E-05  3.1475510E-05  3.2044676E-05  3.2582218E-05  3.3087606E-05  3.3560340E-05  3.3999954E-05  3.4406014E-05  3.4778119E-05  3.5115903E-05  3.5419032E-05  3.5687206E-05  3.5920161E-05  3.6117667E-05  3.6279530E-05  3.6405589E-05  3.6495720E-05  3.6549835E-05  3.6567879E-05  3.6549835E-05  3.6495720E-05  3.6405589E-05  3.6279530E-05  3.6117667E-05  3.5920161E-05  3.5687206E-05  3.5419032E-05  3.5115903E-05  3.4778119E-05  3.4406014E-05  3.3999954E-05  3.3560340E-05  3.3087606E-05  3.2582218E-05  3.2044676E-05  3.1475510E-05  3.0875281E-05  3.0244582E-05  2.9584035E-05  2.8894293E-05  2.8176035E-05  2.7429971E-05  2.6656836E-05  2.5857395E-05  2.5032436E-05  2.4182772E-05  2.3309243E-05  2.2412711E-05  2.1494060E-05  2.0554197E-05  1.9594049E-05  1.8614565E-05  1.7616710E-05  1.6601470E-05  1.5569845E-05  1.4522856E-05  1.3461534E-05  1.2386927E-05  1.1300096E-05  1.0202113E-05  9.0940616E-06  7.9770356E-06  6.8521372E-06  5.7204765E-06  4.5831705E-06  3.4413414E-06  2.2961161E-06  1.1486248E-06  0.0000000  
