0.0000000  0.0000000  0.0000000  0.0000000  0.0000000  0.0000000  0.0000000  0.0000000  0.0000000  0.0000000  0.0000000  0.0000000  0.0000000  0.0000000  0.0000000  0.0000000  0.0000000  0.0000000  0.0000000  0.0000000  0.0000000  0.0000000  0.0000000  0.0000000  0.0000000  0.0000000  0.0000000  0.0000000  0.0000000  0.0000000  0.0000000  0.0000000  0.0000000  0.0000000  0.0000000  0.0000000  0.0000000  0.0000000  0.0000000  0.0000000  0.0000000  0.0000000  0.0000000  0.0000000  0.0000000  0.0000000  0.0000000  0.0000000  0.0000000  0.0000000  0.0000000  0.0000000  0.0000000  0.0000000  0.0000000  0.0000000  0.0000000  0.0000000  0.0000000  0.0000000  0.0000000  0.0000000  0.0000000  0.0000000  0.0000000  0.0000000  0.0000000  0.0000000  0.0000000  0.0000000  0.0000000  0.0000000  0.0000000  0.0000000  0.0000000  0.0000000  0.0000000  0.0000000  0.0000000  0.0000000  0.0000000  0.0000000  0.0000000  0.0000000  0.0000000  0.0000000  0.0000000  0.0000000  0.0000000  0.0000000  0.0000000  0.0000000  0.0000000  0.0000000  0.0000000  0.0000000  0.0000000  0.0000000  0.0000000  0.0000000  0.0000000  0.0000000  
0.010000000  0.0000000  0.00036772092  0.00073507895  0.0011017115  0.0014672569  0.0018313542  0.0021936442  0.0025537694  0.0029113742  0.0032661059  0.0036176144  0.0039655527  0.0043095775  0.0046493492  0.0049845326  0.0053147969  0.0056398161  0.0059592695  0.0062728418  0.0065802236  0.0068811115  0.0071752085  0.0074622245  0.0077418762  0.0080138876  0.0082779902  0.0085339235  0.0087814348  0.0090202799  0.0092502231  0.0094710374  0.0096825050  0.0098844171  0.010076574  0.010258787  0.010430876  0.010592671  0.010744012  0.010884750  0.011014746  0.011133872  0.011242010  0.011339054  0.011424907  0.011499486  0.011562715  0.011614534  0.011654891  0.011683745  0.011701069  0.011706846  0.011701069  0.011683745  0.011654891  0.011614534  0.011562715  0.011499486  0.011424907  0.011339054  0.011242010  0.011133872  0.011014746  0.010884750  0.010744012  0.010592671  0.010430876  0.010258787  0.010076574  0.0098844171  0.0096825050  0.0094710374  0.0092502231  0.0090202799  0.0087814348  0.0085339235  0.0082779902  0.0080138876  0.0077418762  0.0074622245  0.0071752085  0.0068811115  0.0065802236  0.0062728418  0.0059592695  0.0056398161  0.0053147969  0.0049845326  0.0046493492  0.0043095775  0.0039655527  0.0036176144  0.0032661059  0.0029113742  0.0025537694  0.0021936442  0.0018313542  0.0014672569  0.0011017115  0.00073507895  0.00036772092  0.0000000  
0.020000000  0.0000000  0.00073507895  0.0014694325  0.0022023358  0.0029330657  0.0036609011  0.0043851236  0.0051050184  0.0058198753  0.0065289886  0.0072316586  0.0079271919  0.0086149019  0.0092941101  0.0099641461  0.010624349  0.011274066  0.011912658  0.012539493  0.013153953  0.013755432  0.014343336  0.014917085  0.015476112  0.016019866  0.016547811  0.017059425  0.017554203  0.018031658  0.018491317  0.018932728  0.019355454  0.019759079  0.020143204  0.020507451  0.020851458  0.021174888  0.021477421  0.021758758  0.022018622  0.022256757  0.022472926  0.022666918  0.022838540  0.022987623  0.023114020  0.023217606  0.023298279  0.023355960  0.023390591  0.023402139  0.023390591  0.023355960  0.023298279  0.023217606  0.023114020  0.022987623  0.022838540  0.022666918  0.022472926  0.022256757  0.022018622  0.021758758  0.021477421  0.021174888  0.020851458  0.020507451  0.020143204  0.019759079  0.019355454  0.018932728  0.018491317  0.018031658  0.017554203  0.017059425  0.016547811  0.016019866  0.015476112  0.014917085  0.014343336  0.013755432  0.013153953  0.012539493  0.011912658  0.011274066  0.010624349  0.0099641461  0.0092941101  0.0086149019  0.0079271919  0.0072316586  0.0065289886  0.0058198753  0.0051050184  0.0043851236  0.0036609011  0.0029330657  0.0022023358  0.0014694325  0.00073507895  0.0000000  
0.030000000  0.0000000  0.0011017115  0.0022023358  0.0033007867  0.0043959800  0.0054868351  0.0065722753  0.0076512295  0.0087226328  0.0097854280  0.010838566  0.011881008  0.012911724  0.013929699  0.014933926  0.015923416  0.016897191  0.017854290  0.018793769  0.019714702  0.020616178  0.021497308  0.022357224  0.023195075  0.024010036  0.024801301  0.025568091  0.026309648  0.027025241  0.027714163  0.028375734  0.029009303  0.029614242  0.030189956  0.030735876  0.031251463  0.031736209  0.032189635  0.032611293  0.033000769  0.033357676  0.033681664  0.033972412  0.034229633  0.034453074  0.034642513  0.034797765  0.034918676  0.035005125  0.035057030  0.035074337  0.035057030  0.035005125  0.034918676  0.034797765  0.034642513  0.034453074  0.034229633  0.033972412  0.033681664  0.033357676  0.033000769  0.032611293  0.032189635  0.031736209  0.031251463  0.030735876  0.030189956  0.029614242  0.029009303  0.028375734  0.027714163  0.027025241  0.026309648  0.025568091  0.024801301  0.024010036  0.023195075  0.022357224  0.021497308  0.020616178  0.019714702  0.018793769  0.017854290  0.016897191  0.015923416  0.014933926  0.013929699  0.012911724  0.011881008  0.010838566  0.0097854280  0.0087226328  0.0076512295  0.0065722753  0.0054868351  0.0043959800  0.0033007867  0.0022023358  0.0011017115  0.0000000  
0.040000000  0.0000000  0.0014672569  0.0029330657  0.0043959800  0.0058545560  0.0073073543  0.0087529410  0.010189890  0.011616782  0.013032210  0.014434777  0.015823099  0.017195805  0.018551541  0.019888968  0.021206768  0.022503639  0.023778302  0.025029499  0.026255994  0.027456578  0.028630065  0.029775299  0.030891147  0.031976510  0.033030316  0.034051524  0.035039128  0.035992153  0.036909658  0.037790737  0.038634522  0.039440179  0.040206913  0.040933968  0.041620626  0.042266209  0.042870081  0.043431645  0.043950347  0.044425676  0.044857162  0.045244379  0.045586946  0.045884524  0.046136819  0.046343583  0.046504611  0.046619745  0.046688871  0.046711920  0.046688871  0.046619745  0.046504611  0.046343583  0.046136819  0.045884524  0.045586946  0.045244379  0.044857162  0.044425676  0.043950347  0.043431645  0.042870081  0.042266209  0.041620626  0.040933968  0.040206913  0.039440179  0.038634522  0.037790737  0.036909658  0.035992153  0.035039128  0.034051524  0.033030316  0.031976510  0.030891147  0.029775299  0.028630065  0.027456578  0.026255994  0.025029499  0.023778302  0.022503639  0.021206768  0.019888968  0.018551541  0.017195805  0.015823099  0.014434777  0.013032210  0.011616782  0.010189890  0.0087529410  0.0073073543  0.0058545560  0.0043959800  0.0029330657  0.0014672569  0.0000000  
0.050000000  0.0000000  0.0018313542  0.0036609011  0.0054868351  0.0073073543  0.0091206619  0.010924969  0.012718494  0.014499467  0.016266131  0.018016743  0.019749574  0.021462915  0.023155074  0.024824382  0.026469192  0.028087880  0.029678848  0.031240527  0.032771375  0.034269882  0.035734568  0.037163989  0.038556733  0.039911427  0.041226733  0.042501353  0.043734029  0.044923546  0.046068728  0.047168445  0.048221614  0.049227193  0.050184191  0.051091663  0.051948714  0.052754498  0.053508220  0.054209135  0.054856552  0.055449833  0.055988392  0.056471696  0.056899270  0.057270691  0.057585593  0.057843665  0.058044652  0.058188356  0.058274636  0.058303405  0.058274636  0.058188356  0.058044652  0.057843665  0.057585593  0.057270691  0.056899270  0.056471696  0.055988392  0.055449833  0.054856552  0.054209135  0.053508220  0.052754498  0.051948714  0.051091663  0.050184191  0.049227193  0.048221614  0.047168445  0.046068728  0.044923546  0.043734029  0.042501353  0.041226733  0.039911427  0.038556733  0.037163989  0.035734568  0.034269882  0.032771375  0.031240527  0.029678848  0.028087880  0.026469192  0.024824382  0.023155074  0.021462915  0.019749574  0.018016743  0.016266131  0.014499467  0.012718494  0.010924969  0.0091206619  0.0073073543  0.0054868351  0.0036609011  0.0018313542  0.0000000  
0.060000000  0.0000000  0.0021936442  0.0043851236  0.0065722753  0.0087529410  0.010924969  0.013086215  0.015234546  0.017367843  0.019484000  0.021580928  0.023656559  0.025708844  0.027735757  0.029735298  0.031705494  0.033644400  0.035550104  0.037420724  0.039254414  0.041049365  0.042803805  0.044516003  0.046184269  0.047806957  0.049382464  0.050909238  0.052385770  0.053810604  0.055182333  0.056499604  0.057761116  0.058965626  0.060111943  0.061198937  0.062225535  0.063190724  0.064093552  0.064933127  0.065708621  0.066419268  0.067064367  0.067643282  0.068155441  0.068600340  0.068977537  0.069286663  0.069527410  0.069699543  0.069802891  0.069837351  0.069802891  0.069699543  0.069527410  0.069286663  0.068977537  0.068600340  0.068155441  0.067643282  0.067064367  0.066419268  0.065708621  0.064933127  0.064093552  0.063190724  0.062225535  0.061198937  0.060111943  0.058965626  0.057761116  0.056499604  0.055182333  0.053810604  0.052385770  0.050909238  0.049382464  0.047806957  0.046184269  0.044516003  0.042803805  0.041049365  0.039254414  0.037420724  0.035550104  0.033644400  0.031705494  0.029735298  0.027735757  0.025708844  0.023656559  0.021580928  0.019484000  0.017367843  0.015234546  0.013086215  0.010924969  0.0087529410  0.0065722753  0.0043851236  0.0021936442  0.0000000  
0.070000000  0.0000000  0.0025537694  0.0051050184  0.0076512295  0.010189890  0.012718494  0.015234546  0.017735564  0.020219079  0.022682640  0.025123816  0.027540198  0.029929401  0.032289067  0.034616868  0.036910506  0.039167718  0.041386277  0.043563992  0.045698714  0.047788338  0.049830800  0.051824085  0.053766226  0.055655306  0.057489462  0.059266882  0.060985812  0.062644558  0.064241480  0.065775004  0.067243616  0.068645867  0.069980372  0.071245815  0.072440948  0.073564589  0.074615632  0.075593038  0.076495842  0.077323155  0.078074158  0.078748113  0.079344352  0.079862288  0.080301409  0.080661283  0.080941553  0.081141944  0.081262258  0.081302376  0.081262258  0.081141944  0.080941553  0.080661283  0.080301409  0.079862288  0.079344352  0.078748113  0.078074158  0.077323155  0.076495842  0.075593038  0.074615632  0.073564589  0.072440948  0.071245815  0.069980372  0.068645867  0.067243616  0.065775004  0.064241480  0.062644558  0.060985812  0.059266882  0.057489462  0.055655306  0.053766226  0.051824085  0.049830800  0.047788338  0.045698714  0.043563992  0.041386277  0.039167718  0.036910506  0.034616868  0.032289067  0.029929401  0.027540198  0.025123816  0.022682640  0.020219079  0.017735564  0.015234546  0.012718494  0.010189890  0.0076512295  0.0051050184  0.0025537694  0.0000000  
0.080000000  0.0000000  0.0029113742  0.0058198753  0.0087226328  0.011616782  0.014499467  0.017367843  0.020219079  0.023050361  0.025858895  0.028641909  0.031396658  0.034120421  0.036810512  0.039464276  0.042079093  0.044652383  0.047181606  0.049664267  0.052097915  0.054480149  0.056808618  0.059081023  0.061295122  0.063448731  0.065539723  0.067566036  0.069525669  0.071416689  0.073237229  0.074985492  0.076659754  0.078258362  0.079779739  0.081222382  0.082584869  0.083865855  0.085064075  0.086178347  0.087207572  0.088150733  0.089006900  0.089775228  0.090454959  0.091045421  0.091546033  0.091956300  0.092275817  0.092504269  0.092641430  0.092687166  0.092641430  0.092504269  0.092275817  0.091956300  0.091546033  0.091045421  0.090454959  0.089775228  0.089006900  0.088150733  0.087207572  0.086178347  0.085064075  0.083865855  0.082584869  0.081222382  0.079779739  0.078258362  0.076659754  0.074985492  0.073237229  0.071416689  0.069525669  0.067566036  0.065539723  0.063448731  0.061295122  0.059081023  0.056808618  0.054480149  0.052097915  0.049664267  0.047181606  0.044652383  0.042079093  0.039464276  0.036810512  0.034120421  0.031396658  0.028641909  0.025858895  0.023050361  0.020219079  0.017367843  0.014499467  0.011616782  0.0087226328  0.0058198753  0.0029113742  0.0000000  
0.090000000  0.0000000  0.0032661059  0.0065289886  0.0097854280  0.013032210  0.016266131  0.019484000  0.022682640  0.025858895  0.029009630  0.032131737  0.035222133  0.038277769  0.041295630  0.044272737  0.047206152  0.050092980  0.052930373  0.055715530  0.058445702  0.061118195  0.063730372  0.066279655  0.068763528  0.071179539  0.073525305  0.075798511  0.077996912  0.080118340  0.082160701  0.084121979  0.086000239  0.087793626  0.089500373  0.091118793  0.092647290  0.094084355  0.095428570  0.096678609  0.097833238  0.098891317  0.099851802  0.10071375  0.10147630  0.10213870  0.10270031  0.10316057  0.10351902  0.10377530  0.10392918  0.10398048  0.10392918  0.10377530  0.10351902  0.10316057  0.10270031  0.10213870  0.10147630  0.10071375  0.099851802  0.098891317  0.097833238  0.096678609  0.095428570  0.094084355  0.092647290  0.091118793  0.089500373  0.087793626  0.086000239  0.084121979  0.082160701  0.080118340  0.077996912  0.075798511  0.073525305  0.071179539  0.068763528  0.066279655  0.063730372  0.061118195  0.058445702  0.055715530  0.052930373  0.050092980  0.047206152  0.044272737  0.041295630  0.038277769  0.035222133  0.032131737  0.029009630  0.025858895  0.022682640  0.019484000  0.016266131  0.013032210  0.0097854280  0.0065289886  0.0032661059  0.0000000  
0.10000000  0.0000000  0.0036176144  0.0072316586  0.010838566  0.014434777  0.018016743  0.021580928  0.025123816  0.028641909  0.032131737  0.035589854  0.039012848  0.042397341  0.045739994  0.049037506  0.052286624  0.055484142  0.058626904  0.061711808  0.064735809  0.067695925  0.070589233  0.073412877  0.076164072  0.078840102  0.081438327  0.083956182  0.086391182  0.088740924  0.091003090  0.093175447  0.095255851  0.097242249  0.099132680  0.10092528  0.10261828  0.10421001  0.10569889  0.10708346  0.10836235  0.10953431  0.11059816  0.11155287  0.11239749  0.11313119  0.11375324  0.11426303  0.11466005  0.11494392  0.11511436  0.11517119  0.11511436  0.11494392  0.11466005  0.11426303  0.11375324  0.11313119  0.11239749  0.11155287  0.11059816  0.10953431  0.10836235  0.10708346  0.10569889  0.10421001  0.10261828  0.10092528  0.099132680  0.097242249  0.095255851  0.093175447  0.091003090  0.088740924  0.086391182  0.083956182  0.081438327  0.078840102  0.076164072  0.073412877  0.070589233  0.067695925  0.064735809  0.061711808  0.058626904  0.055484142  0.052286624  0.049037506  0.045739994  0.042397341  0.039012848  0.035589854  0.032131737  0.028641909  0.025123816  0.021580928  0.018016743  0.014434777  0.010838566  0.0072316586  0.0036176144  0.0000000  
0.11000000  0.0000000  0.0039655527  0.0079271919  0.011881008  0.015823099  0.019749574  0.023656559  0.027540198  0.031396658  0.035222133  0.039012848  0.042765062  0.046475073  0.050139218  0.053753881  0.057315496  0.060820548  0.064265577  0.067647184  0.070962031  0.074206847  0.077378430  0.080473650  0.083489452  0.086422860  0.089270979  0.092030998  0.094700194  0.097275932  0.099755671  0.10213696  0.10441746  0.10659490  0.10866716  0.11063217  0.11248800  0.11423281  0.11586490  0.11738263  0.11878453  0.12006920  0.12123538  0.12228191  0.12320776  0.12401203  0.12469390  0.12525272  0.12568793  0.12599911  0.12618593  0.12624823  0.12618593  0.12599911  0.12568793  0.12525272  0.12469390  0.12401203  0.12320776  0.12228191  0.12123538  0.12006920  0.11878453  0.11738263  0.11586490  0.11423281  0.11248800  0.11063217  0.10866716  0.10659490  0.10441746  0.10213696  0.099755671  0.097275932  0.094700194  0.092030998  0.089270979  0.086422860  0.083489452  0.080473650  0.077378430  0.074206847  0.070962031  0.067647184  0.064265577  0.060820548  0.057315496  0.053753881  0.050139218  0.046475073  0.042765062  0.039012848  0.035222133  0.031396658  0.027540198  0.023656559  0.019749574  0.015823099  0.011881008  0.0079271919  0.0039655527  0.0000000  
0.12000000  0.0000000  0.0043095775  0.0086149019  0.012911724  0.017195805  0.021462915  0.025708844  0.029929401  0.034120421  0.038277769  0.042397341  0.046475073  0.050506939  0.054488960  0.058417208  0.062287805  0.066096931  0.069840828  0.073515800  0.077118221  0.080644536  0.084091264  0.087455004  0.090732437  0.093920328  0.097015531  0.10001499  0.10291575  0.10571494  0.10840980  0.11099768  0.11347602  0.11584236  0.11809439  0.12022987  0.12224670  0.12414289  0.12591656  0.12756597  0.12908948  0.13048560  0.13175295  0.13289027  0.13389644  0.13477048  0.13551151  0.13611881  0.13659178  0.13692994  0.13713298  0.13720068  0.13713298  0.13692994  0.13659178  0.13611881  0.13551151  0.13477048  0.13389644  0.13289027  0.13175295  0.13048560  0.12908948  0.12756597  0.12591656  0.12414289  0.12224670  0.12022987  0.11809439  0.11584236  0.11347602  0.11099768  0.10840980  0.10571494  0.10291575  0.10001499  0.097015531  0.093920328  0.090732437  0.087455004  0.084091264  0.080644536  0.077118221  0.073515800  0.069840828  0.066096931  0.062287805  0.058417208  0.054488960  0.050506939  0.046475073  0.042397341  0.038277769  0.034120421  0.029929401  0.025708844  0.021462915  0.017195805  0.012911724  0.0086149019  0.0043095775  0.0000000  
0.13000000  0.0000000  0.0046493492  0.0092941101  0.013929699  0.018551541  0.023155074  0.027735757  0.032289067  0.036810512  0.041295630  0.045739994  0.050139218  0.054488960  0.058784929  0.063022884  0.067198643  0.071308085  0.075347154  0.079311865  0.083198305  0.087002638  0.090721110  0.094350051  0.097885880  0.10132511  0.10466434  0.10790028  0.11102974  0.11404962  0.11695695  0.11974886  0.12242259  0.12497550  0.12740508  0.12970892  0.13188476  0.13393045  0.13584396  0.13762340  0.13926703  0.14077323  0.14214049  0.14336748  0.14445298  0.14539593  0.14619539  0.14685057  0.14736082  0.14772565  0.14794469  0.14801773  0.14794469  0.14772565  0.14736082  0.14685057  0.14619539  0.14539593  0.14445298  0.14336748  0.14214049  0.14077323  0.13926703  0.13762340  0.13584396  0.13393045  0.13188476  0.12970892  0.12740508  0.12497550  0.12242259  0.11974886  0.11695695  0.11404962  0.11102974  0.10790028  0.10466434  0.10132511  0.097885880  0.094350051  0.090721110  0.087002638  0.083198305  0.079311865  0.075347154  0.071308085  0.067198643  0.063022884  0.058784929  0.054488960  0.050139218  0.045739994  0.041295630  0.036810512  0.032289067  0.027735757  0.023155074  0.018551541  0.013929699  0.0092941101  0.0046493492  0.0000000  
0.14000000  0.0000000  0.0049845326  0.0099641461  0.014933926  0.019888968  0.024824382  0.029735298  0.034616868  0.039464276  0.044272737  0.049037506  0.053753881  0.058417208  0.063022884  0.067566364  0.072043164  0.076448866  0.080779122  0.085029659  0.089196282  0.093274880  0.097261426  0.10115199  0.10494272  0.10862989  0.11220986  0.11567909  0.11903415  0.12227175  0.12538867  0.12838186  0.13124834  0.13398530  0.13659004  0.13905997  0.14139267  0.14358583  0.14563729  0.14754502  0.14930715  0.15092193  0.15238776  0.15370321  0.15486697  0.15587789  0.15673498  0.15743740  0.15798444  0.15837557  0.15861040  0.15868870  0.15861040  0.15837557  0.15798444  0.15743740  0.15673498  0.15587789  0.15486697  0.15370321  0.15238776  0.15092193  0.14930715  0.14754502  0.14563729  0.14358583  0.14139267  0.13905997  0.13659004  0.13398530  0.13124834  0.12838186  0.12538867  0.12227175  0.11903415  0.11567909  0.11220986  0.10862989  0.10494272  0.10115199  0.097261426  0.093274880  0.089196282  0.085029659  0.080779122  0.076448866  0.072043164  0.067566364  0.063022884  0.058417208  0.053753881  0.049037506  0.044272737  0.039464276  0.034616868  0.029735298  0.024824382  0.019888968  0.014933926  0.0099641461  0.0049845326  0.0000000  
0.15000000  0.0000000  0.0053147969  0.010624349  0.015923416  0.021206768  0.026469192  0.031705494  0.036910506  0.042079093  0.047206152  0.052286624  0.057315496  0.062287805  0.067198643  0.072043164  0.076816587  0.081514201  0.086131371  0.090663539  0.095106234  0.099455070  0.10370576  0.10785410  0.11189600  0.11582747  0.11964464  0.12334373  0.12692110  0.13037321  0.13369665  0.13688816  0.13994457  0.14286288  0.14564019  0.14827378  0.15076104  0.15309952  0.15528690  0.15732104  0.15919992  0.16092168  0.16248464  0.16388725  0.16512811  0.16620602  0.16711990  0.16786885  0.16845214  0.16886919  0.16911958  0.16920307  0.16911958  0.16886919  0.16845214  0.16786885  0.16711990  0.16620602  0.16512811  0.16388725  0.16248464  0.16092168  0.15919992  0.15732104  0.15528690  0.15309952  0.15076104  0.14827378  0.14564019  0.14286288  0.13994457  0.13688816  0.13369665  0.13037321  0.12692110  0.12334373  0.11964464  0.11582747  0.11189600  0.10785410  0.10370576  0.099455070  0.095106234  0.090663539  0.086131371  0.081514201  0.076816587  0.072043164  0.067198643  0.062287805  0.057315496  0.052286624  0.047206152  0.042079093  0.036910506  0.031705494  0.026469192  0.021206768  0.015923416  0.010624349  0.0053147969  0.0000000  
0.16000000  0.0000000  0.0056398161  0.011274066  0.016897191  0.022503639  0.028087880  0.033644400  0.039167718  0.044652383  0.050092980  0.055484142  0.060820548  0.066096931  0.071308085  0.076448866  0.081514201  0.086499092  0.091398618  0.096207945  0.10092233  0.10553711  0.11004774  0.11444977  0.11873885  0.12291074  0.12696134  0.13088665  0.13468278  0.13834600  0.14187269  0.14525937  0.14850269  0.15159946  0.15454662  0.15734126  0.15998063  0.16246211  0.16478326  0.16694179  0.16893557  0.17076263  0.17242117  0.17390955  0.17522630  0.17637012  0.17733989  0.17813465  0.17875360  0.17919615  0.17946186  0.17955046  0.17946186  0.17919615  0.17875360  0.17813465  0.17733989  0.17637012  0.17522630  0.17390955  0.17242117  0.17076263  0.16893557  0.16694179  0.16478326  0.16246211  0.15998063  0.15734126  0.15454662  0.15159946  0.14850269  0.14525937  0.14187269  0.13834600  0.13468278  0.13088665  0.12696134  0.12291074  0.11873885  0.11444977  0.11004774  0.10553711  0.10092233  0.096207945  0.091398618  0.086499092  0.081514201  0.076448866  0.071308085  0.066096931  0.060820548  0.055484142  0.050092980  0.044652383  0.039167718  0.033644400  0.028087880  0.022503639  0.016897191  0.011274066  0.0056398161  0.0000000  
0.17000000  0.0000000  0.0059592695  0.011912658  0.017854290  0.023778302  0.029678848  0.035550104  0.041386277  0.047181606  0.052930373  0.058626904  0.064265577  0.069840828  0.075347154  0.080779122  0.086131371  0.091398618  0.096575666  0.10165741  0.10663882  0.11151500  0.11628112  0.12093249  0.12546451  0.12987272  0.13415276  0.13830040  0.14231156  0.14618227  0.14990872  0.15348723  0.15691426  0.16018644  0.16330053  0.16625347  0.16904233  0.17166437  0.17411700  0.17639780  0.17850451  0.18043506  0.18218754  0.18376022  0.18515156  0.18636017  0.18738487  0.18822464  0.18887866  0.18934628  0.18962703  0.18972065  0.18962703  0.18934628  0.18887866  0.18822464  0.18738487  0.18636017  0.18515156  0.18376022  0.18218754  0.18043506  0.17850451  0.17639780  0.17411700  0.17166437  0.16904233  0.16625347  0.16330053  0.16018644  0.15691426  0.15348723  0.14990872  0.14618227  0.14231156  0.13830040  0.13415276  0.12987272  0.12546451  0.12093249  0.11628112  0.11151500  0.10663882  0.10165741  0.096575666  0.091398618  0.086131371  0.080779122  0.075347154  0.069840828  0.064265577  0.058626904  0.052930373  0.047181606  0.041386277  0.035550104  0.029678848  0.023778302  0.017854290  0.011912658  0.0059592695  0.0000000  
0.18000000  0.0000000  0.0062728418  0.012539493  0.018793769  0.025029499  0.031240527  0.037420724  0.043563992  0.049664267  0.055715530  0.061711808  0.067647184  0.073515800  0.079311865  0.085029659  0.090663539  0.096207945  0.10165741  0.10700654  0.11225008  0.11738283  0.12239975  0.12729587  0.13206636  0.13670652  0.14121177  0.14557766  0.14979988  0.15387427  0.15779680  0.16156361  0.16517097  0.16861533  0.17189329  0.17500160  0.17793721  0.18069722  0.18327891  0.18567972  0.18789728  0.18992941  0.19177411  0.19342955  0.19489410  0.19616630  0.19724492  0.19812888  0.19881731  0.19930954  0.19960506  0.19970360  0.19960506  0.19930954  0.19881731  0.19812888  0.19724492  0.19616630  0.19489410  0.19342955  0.19177411  0.18992941  0.18789728  0.18567972  0.18327891  0.18069722  0.17793721  0.17500160  0.17189329  0.16861533  0.16517097  0.16156361  0.15779680  0.15387427  0.14979988  0.14557766  0.14121177  0.13670652  0.13206636  0.12729587  0.12239975  0.11738283  0.11225008  0.10700654  0.10165741  0.096207945  0.090663539  0.085029659  0.079311865  0.073515800  0.067647184  0.061711808  0.055715530  0.049664267  0.043563992  0.037420724  0.031240527  0.025029499  0.018793769  0.012539493  0.0062728418  0.0000000  
0.19000000  0.0000000  0.0065802236  0.013153953  0.019714702  0.026255994  0.032771375  0.039254414  0.045698714  0.052097915  0.058445702  0.064735809  0.070962031  0.077118221  0.083198305  0.089196282  0.095106234  0.10092233  0.10663882  0.11225008  0.11775055  0.12313483  0.12839758  0.13353362  0.13853788  0.14340542  0.14813143  0.15271126  0.15714038  0.16141442  0.16552916  0.16948055  0.17326468  0.17687782  0.18031640  0.18357703  0.18665649  0.18955175  0.19225994  0.19477839  0.19710462  0.19923634  0.20117142  0.20290798  0.20444430  0.20577885  0.20691032  0.20783759  0.20855976  0.20907610  0.20938611  0.20948948  0.20938611  0.20907610  0.20855976  0.20783759  0.20691032  0.20577885  0.20444430  0.20290798  0.20117142  0.19923634  0.19710462  0.19477839  0.19225994  0.18955175  0.18665649  0.18357703  0.18031640  0.17687782  0.17326468  0.16948055  0.16552916  0.16141442  0.15714038  0.15271126  0.14813143  0.14340542  0.13853788  0.13353362  0.12839758  0.12313483  0.11775055  0.11225008  0.10663882  0.10092233  0.095106234  0.089196282  0.083198305  0.077118221  0.070962031  0.064735809  0.058445702  0.052097915  0.045698714  0.039254414  0.032771375  0.026255994  0.019714702  0.013153953  0.0065802236  0.0000000  
0.20000000  0.0000000  0.0068811115  0.013755432  0.020616178  0.027456578  0.034269882  0.041049365  0.047788338  0.054480149  0.061118195  0.067695925  0.074206847  0.080644536  0.087002638  0.093274880  0.099455070  0.10553711  0.11151500  0.11738283  0.12313483  0.12876530  0.13426870  0.13963959  0.14487267  0.14996279  0.15490490  0.15969415  0.16432579  0.16879527  0.17309816  0.17723023  0.18118740  0.18496575  0.18856156  0.19197129  0.19519156  0.19821921  0.20105123  0.20368485  0.20611745  0.20834663  0.21037021  0.21218617  0.21379273  0.21518831  0.21637152  0.21734119  0.21809638  0.21863633  0.21896052  0.21906861  0.21896052  0.21863633  0.21809638  0.21734119  0.21637152  0.21518831  0.21379273  0.21218617  0.21037021  0.20834663  0.20611745  0.20368485  0.20105123  0.19821921  0.19519156  0.19197129  0.18856156  0.18496575  0.18118740  0.17723023  0.17309816  0.16879527  0.16432579  0.15969415  0.15490490  0.14996279  0.14487267  0.13963959  0.13426870  0.12876530  0.12313483  0.11738283  0.11151500  0.10553711  0.099455070  0.093274880  0.087002638  0.080644536  0.074206847  0.067695925  0.061118195  0.054480149  0.047788338  0.041049365  0.034269882  0.027456578  0.020616178  0.013755432  0.0068811115  0.0000000  
0.21000000  0.0000000  0.0071752085  0.014343336  0.021497308  0.028630065  0.035734568  0.042803805  0.049830800  0.056808618  0.063730372  0.070589233  0.077378430  0.084091264  0.090721110  0.097261426  0.10370576  0.11004774  0.11628112  0.12239975  0.12839758  0.13426870  0.14000731  0.14560775  0.15106450  0.15637216  0.16152550  0.16651944  0.17134904  0.17600954  0.18049634  0.18480501  0.18893130  0.19287114  0.19662064  0.20017610  0.20353401  0.20669105  0.20964412  0.21239029  0.21492686  0.21725132  0.21936138  0.22125496  0.22293018  0.22438540  0.22561918  0.22663030  0.22741777  0.22798080  0.22831884  0.22843155  0.22831884  0.22798080  0.22741777  0.22663030  0.22561918  0.22438540  0.22293018  0.22125496  0.21936138  0.21725132  0.21492686  0.21239029  0.20964412  0.20669105  0.20353401  0.20017610  0.19662064  0.19287114  0.18893130  0.18480501  0.18049634  0.17600954  0.17134904  0.16651944  0.16152550  0.15637216  0.15106450  0.14560775  0.14000731  0.13426870  0.12839758  0.12239975  0.11628112  0.11004774  0.10370576  0.097261426  0.090721110  0.084091264  0.077378430  0.070589233  0.063730372  0.056808618  0.049830800  0.042803805  0.035734568  0.028630065  0.021497308  0.014343336  0.0071752085  0.0000000  
0.22000000  0.0000000  0.0074622245  0.014917085  0.022357224  0.029775299  0.037163989  0.044516003  0.051824085  0.059081023  0.066279655  0.073412877  0.080473650  0.087455004  0.094350051  0.10115199  0.10785410  0.11444977  0.12093249  0.12729587  0.13353362  0.13963959  0.14560775  0.15143222  0.15710724  0.16262721  0.16798669  0.17318039  0.17820318  0.18305011  0.18771638  0.19219741  0.19648876  0.20058619  0.20448567  0.20818335  0.21167558  0.21495891  0.21803010  0.22088613  0.22352416  0.22594160  0.22813607  0.23010539  0.23184763  0.23336106  0.23464419  0.23569576  0.23651472  0.23710027  0.23745183  0.23756906  0.23745183  0.23710027  0.23651472  0.23569576  0.23464419  0.23336106  0.23184763  0.23010539  0.22813607  0.22594160  0.22352416  0.22088613  0.21803010  0.21495891  0.21167558  0.20818335  0.20448567  0.20058619  0.19648876  0.19219741  0.18771638  0.18305011  0.17820318  0.17318039  0.16798669  0.16262721  0.15710724  0.15143222  0.14560775  0.13963959  0.13353362  0.12729587  0.12093249  0.11444977  0.10785410  0.10115199  0.094350051  0.087455004  0.080473650  0.073412877  0.066279655  0.059081023  0.051824085  0.044516003  0.037163989  0.029775299  0.022357224  0.014917085  0.0074622245  0.0000000  
0.23000000  0.0000000  0.0077418762  0.015476112  0.023195075  0.030891147  0.038556733  0.046184269  0.053766226  0.061295122  0.068763528  0.076164072  0.083489452  0.090732437  0.097885880  0.10494272  0.11189600  0.11873885  0.12546451  0.13206636  0.13853788  0.14487267  0.15106450  0.15710724  0.16299493  0.16872177  0.17428210  0.17967044  0.18488146  0.18991003  0.19475118  0.19940013  0.20385230  0.20810329  0.21214891  0.21598516  0.21960826  0.22301464  0.22620092  0.22916398  0.23190087  0.23440891  0.23668562  0.23872874  0.24053627  0.24210642  0.24343763  0.24452861  0.24537826  0.24598576  0.24635050  0.24647211  0.24635050  0.24598576  0.24537826  0.24452861  0.24343763  0.24210642  0.24053627  0.23872874  0.23668562  0.23440891  0.23190087  0.22916398  0.22620092  0.22301464  0.21960826  0.21598516  0.21214891  0.20810329  0.20385230  0.19940013  0.19475118  0.18991003  0.18488146  0.17967044  0.17428210  0.16872177  0.16299493  0.15710724  0.15106450  0.14487267  0.13853788  0.13206636  0.12546451  0.11873885  0.11189600  0.10494272  0.097885880  0.090732437  0.083489452  0.076164072  0.068763528  0.061295122  0.053766226  0.046184269  0.038556733  0.030891147  0.023195075  0.015476112  0.0077418762  0.0000000  
0.24000000  0.0000000  0.0080138876  0.016019866  0.024010036  0.031976510  0.039911427  0.047806957  0.055655306  0.063448731  0.071179539  0.078840102  0.086422860  0.093920328  0.10132511  0.10862989  0.11582747  0.12291074  0.12987272  0.13670652  0.14340542  0.14996279  0.15637216  0.16262721  0.16872177  0.17464982  0.18040552  0.18598317  0.19137729  0.19658253  0.20159377  0.20640607  0.21101466  0.21541501  0.21960278  0.22357382  0.22732421  0.23085027  0.23414851  0.23721567  0.24004873  0.24264489  0.24500158  0.24711649  0.24898753  0.25061284  0.25199083  0.25312014  0.25399965  0.25462849  0.25500604  0.25513193  0.25500604  0.25462849  0.25399965  0.25312014  0.25199083  0.25061284  0.24898753  0.24711649  0.24500158  0.24264489  0.24004873  0.23721567  0.23414851  0.23085027  0.22732421  0.22357382  0.21960278  0.21541501  0.21101466  0.20640607  0.20159377  0.19658253  0.19137729  0.18598317  0.18040552  0.17464982  0.16872177  0.16262721  0.15637216  0.14996279  0.14340542  0.13670652  0.12987272  0.12291074  0.11582747  0.10862989  0.10132511  0.093920328  0.086422860  0.078840102  0.071179539  0.063448731  0.055655306  0.047806957  0.039911427  0.031976510  0.024010036  0.016019866  0.0080138876  0.0000000  
0.25000000  0.0000000  0.0082779902  0.016547811  0.024801301  0.033030316  0.041226733  0.049382464  0.057489462  0.065539723  0.073525305  0.081438327  0.089270979  0.097015531  0.10466434  0.11220986  0.11964464  0.12696134  0.13415276  0.14121177  0.14813143  0.15490490  0.16152550  0.16798669  0.17428210  0.18040552  0.18635089  0.19211236  0.19768424  0.20306103  0.20823742  0.21320831  0.21796878  0.22251415  0.22683992  0.23094183  0.23481583  0.23845809  0.24186502  0.24503326  0.24795968  0.25064140  0.25307576  0.25526037  0.25719307  0.25887194  0.26029535  0.26146187  0.26237036  0.26301993  0.26340992  0.26353996  0.26340992  0.26301993  0.26237036  0.26146187  0.26029535  0.25887194  0.25719307  0.25526037  0.25307576  0.25064140  0.24795968  0.24503326  0.24186502  0.23845809  0.23481583  0.23094183  0.22683992  0.22251415  0.21796878  0.21320831  0.20823742  0.20306103  0.19768424  0.19211236  0.18635089  0.18040552  0.17428210  0.16798669  0.16152550  0.15490490  0.14813143  0.14121177  0.13415276  0.12696134  0.11964464  0.11220986  0.10466434  0.097015531  0.089270979  0.081438327  0.073525305  0.065539723  0.057489462  0.049382464  0.041226733  0.033030316  0.024801301  0.016547811  0.0082779902  0.0000000  
0.26000000  0.0000000  0.0085339235  0.017059425  0.025568091  0.034051524  0.042501353  0.050909238  0.059266882  0.067566036  0.075798511  0.083956182  0.092030998  0.10001499  0.10790028  0.11567909  0.12334373  0.13088665  0.13830040  0.14557766  0.15271126  0.15969415  0.16651944  0.17318039  0.17967044  0.18598317  0.19211236  0.19805196  0.20379611  0.20933913  0.21467556  0.21980014  0.22470779  0.22939369  0.23385320  0.23808193  0.24207570  0.24583057  0.24934284  0.25260903  0.25562593  0.25839056  0.26090019  0.26315234  0.26514479  0.26687557  0.26834298  0.26954557  0.27048215  0.27115180  0.27155385  0.27168791  0.27155385  0.27115180  0.27048215  0.26954557  0.26834298  0.26687557  0.26514479  0.26315234  0.26090019  0.25839056  0.25562593  0.25260903  0.24934284  0.24583057  0.24207570  0.23808193  0.23385320  0.22939369  0.22470779  0.21980014  0.21467556  0.20933913  0.20379611  0.19805196  0.19211236  0.18598317  0.17967044  0.17318039  0.16651944  0.15969415  0.15271126  0.14557766  0.13830040  0.13088665  0.12334373  0.11567909  0.10790028  0.10001499  0.092030998  0.083956182  0.075798511  0.067566036  0.059266882  0.050909238  0.042501353  0.034051524  0.025568091  0.017059425  0.0085339235  0.0000000  
0.27000000  0.0000000  0.0087814348  0.017554203  0.026309648  0.035039128  0.043734029  0.052385770  0.060985812  0.069525669  0.077996912  0.086391182  0.094700194  0.10291575  0.11102974  0.11903415  0.12692110  0.13468278  0.14231156  0.14979988  0.15714038  0.16432579  0.17134904  0.17820318  0.18488146  0.19137729  0.19768424  0.20379611  0.20970685  0.21541064  0.22090185  0.22617505  0.23122504  0.23604685  0.24063570  0.24498708  0.24909668  0.25296045  0.25657458  0.25993551  0.26303991  0.26588472  0.26846713  0.27078460  0.27283484  0.27461582  0.27612579  0.27736326  0.27832701  0.27901607  0.27942979  0.27956774  0.27942979  0.27901607  0.27832701  0.27736326  0.27612579  0.27461582  0.27283484  0.27078460  0.26846713  0.26588472  0.26303991  0.25993551  0.25657458  0.25296045  0.24909668  0.24498708  0.24063570  0.23604685  0.23122504  0.22617505  0.22090185  0.21541064  0.20970685  0.20379611  0.19768424  0.19137729  0.18488146  0.17820318  0.17134904  0.16432579  0.15714038  0.14979988  0.14231156  0.13468278  0.12692110  0.11903415  0.11102974  0.10291575  0.094700194  0.086391182  0.077996912  0.069525669  0.060985812  0.052385770  0.043734029  0.035039128  0.026309648  0.017554203  0.0087814348  0.0000000  
0.28000000  0.0000000  0.0090202799  0.018031658  0.027025241  0.035992153  0.044923546  0.053810604  0.062644558  0.071416689  0.080118340  0.088740924  0.097275932  0.10571494  0.11404962  0.12227175  0.13037321  0.13834600  0.14618227  0.15387427  0.16141442  0.16879527  0.17600954  0.18305011  0.18991003  0.19658253  0.20306103  0.20933913  0.21541064  0.22126957  0.22691013  0.23232676  0.23751410  0.24246705  0.24718072  0.25165045  0.25587183  0.25984069  0.26355312  0.26700546  0.27019430  0.27311648  0.27576914  0.27814964  0.28025564  0.28208506  0.28363610  0.28490723  0.28589719  0.28660500  0.28702996  0.28717166  0.28702996  0.28660500  0.28589719  0.28490723  0.28363610  0.28208506  0.28025564  0.27814964  0.27576914  0.27311648  0.27019430  0.26700546  0.26355312  0.25984069  0.25587183  0.25165045  0.24718072  0.24246705  0.23751410  0.23232676  0.22691013  0.22126957  0.21541064  0.20933913  0.20306103  0.19658253  0.18991003  0.18305011  0.17600954  0.16879527  0.16141442  0.15387427  0.14618227  0.13834600  0.13037321  0.12227175  0.11404962  0.10571494  0.097275932  0.088740924  0.080118340  0.071416689  0.062644558  0.053810604  0.044923546  0.035992153  0.027025241  0.018031658  0.0090202799  0.0000000  
0.29000000  0.0000000  0.0092502231  0.018491317  0.027714163  0.036909658  0.046068728  0.055182333  0.064241480  0.073237229  0.082160701  0.091003090  0.099755671  0.10840980  0.11695695  0.12538867  0.13369665  0.14187269  0.14990872  0.15779680  0.16552916  0.17309816  0.18049634  0.18771638  0.19475118  0.20159377  0.20823742  0.21467556  0.22090185  0.22691013  0.23269448  0.23824918  0.24356877  0.24864798  0.25348180  0.25806547  0.26239446  0.26646450  0.27027157  0.27381191  0.27708203  0.28007871  0.28279899  0.28524017  0.28739986  0.28927592  0.29086650  0.29217003  0.29318522  0.29391107  0.29434687  0.29449219  0.29434687  0.29391107  0.29318522  0.29217003  0.29086650  0.28927592  0.28739986  0.28524017  0.28279899  0.28007871  0.27708203  0.27381191  0.27027157  0.26646450  0.26239446  0.25806547  0.25348180  0.24864798  0.24356877  0.23824918  0.23269448  0.22691013  0.22090185  0.21467556  0.20823742  0.20159377  0.19475118  0.18771638  0.18049634  0.17309816  0.16552916  0.15779680  0.14990872  0.14187269  0.13369665  0.12538867  0.11695695  0.10840980  0.099755671  0.091003090  0.082160701  0.073237229  0.064241480  0.055182333  0.046068728  0.036909658  0.027714163  0.018491317  0.0092502231  0.0000000  
0.30000000  0.0000000  0.0094710374  0.018932728  0.028375734  0.037790737  0.047168445  0.056499604  0.065775004  0.074985492  0.084121979  0.093175447  0.10213696  0.11099768  0.11974886  0.12838186  0.13688816  0.14525937  0.15348723  0.16156361  0.16948055  0.17723023  0.18480501  0.19219741  0.19940013  0.20640607  0.21320831  0.21980014  0.22617505  0.23232676  0.23824918  0.24393649  0.24938306  0.25458351  0.25953273  0.26422581  0.26865814  0.27282534  0.27672328  0.28034814  0.28369633  0.28676454  0.28954975  0.29204921  0.29426045  0.29618130  0.29780984  0.29914449  0.30018391  0.30092710  0.30137330  0.30152208  0.30137330  0.30092710  0.30018391  0.29914449  0.29780984  0.29618130  0.29426045  0.29204921  0.28954975  0.28676454  0.28369633  0.28034814  0.27672328  0.27282534  0.26865814  0.26422581  0.25953273  0.25458351  0.24938306  0.24393649  0.23824918  0.23232676  0.22617505  0.21980014  0.21320831  0.20640607  0.19940013  0.19219741  0.18480501  0.17723023  0.16948055  0.16156361  0.15348723  0.14525937  0.13688816  0.12838186  0.11974886  0.11099768  0.10213696  0.093175447  0.084121979  0.074985492  0.065775004  0.056499604  0.047168445  0.037790737  0.028375734  0.018932728  0.0094710374  0.0000000  
