0.0000000  0.0000000  0.0000000  0.0000000  0.0000000  0.0000000  0.0000000  0.0000000  0.0000000  0.0000000  0.0000000  0.0000000  
0.10000000  0.0000000  4.8598520E-06  9.2439878E-06  1.2723258E-05  1.4957086E-05  1.5726811E-05  1.4957086E-05  1.2723258E-05  9.2439878E-06  4.8598520E-06  0.0000000  
0.20000000  0.0000000  9.2439878E-06  1.7583110E-05  2.4201074E-05  2.8450069E-05  2.9914173E-05  2.8450069E-05  2.4201074E-05  1.7583110E-05  9.2439878E-06  0.0000000  
0.30000000  0.0000000  1.2723258E-05  2.4201074E-05  3.3309921E-05  3.9158161E-05  4.1173327E-05  3.9158161E-05  3.3309921E-05  2.4201074E-05  1.2723258E-05  0.0000000  
0.40000000  0.0000000  1.4957086E-05  2.8450069E-05  3.9158161E-05  4.6033179E-05  4.8402148E-05  4.6033179E-05  3.9158161E-05  2.8450069E-05  1.4957086E-05  0.0000000  
0.50000000  0.0000000  1.5726811E-05  2.9914173E-05  4.1173327E-05  4.8402148E-05  5.0893031E-05  4.8402148E-05  4.1173327E-05  2.9914173E-05  1.5726811E-05  0.0000000  
0.60000000  0.0000000  1.4957086E-05  2.8450069E-05  3.9158161E-05  4.6033179E-05  4.8402148E-05  4.6033179E-05  3.9158161E-05  2.8450069E-05  1.4957086E-05  0.0000000  
0.70000000  0.0000000  1.2723258E-05  2.4201074E-05  3.3309921E-05  3.9158161E-05  4.1173327E-05  3.9158161E-05  3.3309921E-05  2.4201074E-05  1.2723258E-05  0.0000000  
0.80000000  0.0000000  9.2439878E-06  1.7583110E-05  2.4201074E-05  2.8450069E-05  2.9914173E-05  2.8450069E-05  2.4201074E-05  1.7583110E-05  9.2439878E-06  0.0000000  
0.90000000  0.0000000  4.8598520E-06  9.2439878E-06  1.2723258E-05  1.4957086E-05  1.5726811E-05  1.4957086E-05  1.2723258E-05  9.2439878E-06  4.8598520E-06  0.0000000  
1.0000000  0.0000000  0.0000000  0.0000000  0.0000000  0.0000000  0.0000000  0.0000000  0.0000000  0.0000000  0.0000000  0.0000000  
