0.0000000  0.0000000  0.0000000  0.0000000  0.0000000  0.0000000  0.0000000  0.0000000  0.0000000  0.0000000  0.0000000  0.0000000  
0.10000000  0.0000000  0.035532892  0.067587578  0.093026320  0.10935900  0.11498685  0.10935900  0.093026320  0.067587578  0.035532892  0.0000000  
0.20000000  0.0000000  0.067587578  0.12855921  0.17694658  0.20801317  0.21871800  0.20801317  0.17694658  0.12855921  0.067587578  0.0000000  
0.30000000  0.0000000  0.093026320  0.17694658  0.24354607  0.28630557  0.30103949  0.28630557  0.24354607  0.17694658  0.093026320  0.0000000  
0.40000000  0.0000000  0.10935900  0.20801317  0.28630557  0.33657239  0.35389315  0.33657239  0.28630557  0.20801317  0.10935900  0.0000000  
0.50000000  0.0000000  0.11498685  0.21871800  0.30103949  0.35389315  0.37210528  0.35389315  0.30103949  0.21871800  0.11498685  0.0000000  
0.60000000  0.0000000  0.10935900  0.20801317  0.28630557  0.33657239  0.35389315  0.33657239  0.28630557  0.20801317  0.10935900  0.0000000  
0.70000000  0.0000000  0.093026320  0.17694658  0.24354607  0.28630557  0.30103949  0.28630557  0.24354607  0.17694658  0.093026320  0.0000000  
0.80000000  0.0000000  0.067587578  0.12855921  0.17694658  0.20801317  0.21871800  0.20801317  0.17694658  0.12855921  0.067587578  0.0000000  
0.90000000  0.0000000  0.035532892  0.067587578  0.093026320  0.10935900  0.11498685  0.10935900  0.093026320  0.067587578  0.035532892  0.0000000  
1.0000000  0.0000000  0.0000000  0.0000000  0.0000000  0.0000000  0.0000000  0.0000000  0.0000000  0.0000000  0.0000000  0.0000000  
