0.0000000  0.0000000  0.0000000  0.0000000  0.0000000  0.0000000  0.0000000  0.0000000  0.0000000  0.0000000  0.0000000  0.0000000  0.0000000  0.0000000  0.0000000  0.0000000  0.0000000  0.0000000  0.0000000  0.0000000  0.0000000  0.0000000  0.0000000  0.0000000  0.0000000  0.0000000  0.0000000  0.0000000  0.0000000  0.0000000  0.0000000  0.0000000  0.0000000  0.0000000  0.0000000  0.0000000  0.0000000  0.0000000  0.0000000  0.0000000  0.0000000  0.0000000  0.0000000  0.0000000  0.0000000  0.0000000  0.0000000  0.0000000  0.0000000  0.0000000  0.0000000  0.0000000  0.0000000  0.0000000  0.0000000  0.0000000  0.0000000  0.0000000  0.0000000  0.0000000  0.0000000  0.0000000  0.0000000  0.0000000  0.0000000  0.0000000  0.0000000  0.0000000  0.0000000  0.0000000  0.0000000  0.0000000  0.0000000  0.0000000  0.0000000  0.0000000  0.0000000  0.0000000  0.0000000  0.0000000  0.0000000  0.0000000  0.0000000  0.0000000  0.0000000  0.0000000  0.0000000  0.0000000  0.0000000  0.0000000  0.0000000  0.0000000  0.0000000  0.0000000  0.0000000  0.0000000  0.0000000  0.0000000  0.0000000  0.0000000  0.0000000  0.0000000  
0.010000000  0.0000000  0.00098663579  0.0019722979  0.0029560136  0.0039368120  0.0049137253  0.0058857893  0.0068520448  0.0078115381  0.0087633224  0.0097064584  0.010640015  0.011563072  0.012474717  0.013374051  0.014260186  0.015132249  0.015989377  0.016830726  0.017655466  0.018462781  0.019251876  0.020021971  0.020772308  0.021502144  0.022210761  0.022897458  0.023561558  0.024202406  0.024819369  0.025411838  0.025979229  0.026520981  0.027036560  0.027525458  0.027987191  0.028421305  0.028827369  0.029204985  0.029553779  0.029873407  0.030163554  0.030423932  0.030654286  0.030854388  0.031024041  0.031163076  0.031271357  0.031348777  0.031395260  0.031410759  0.031395260  0.031348777  0.031271357  0.031163076  0.031024041  0.030854388  0.030654286  0.030423932  0.030163554  0.029873407  0.029553779  0.029204985  0.028827369  0.028421305  0.027987191  0.027525458  0.027036560  0.026520981  0.025979229  0.025411838  0.024819369  0.024202406  0.023561558  0.022897458  0.022210761  0.021502144  0.020772308  0.020021971  0.019251876  0.018462781  0.017655466  0.016830726  0.015989377  0.015132249  0.014260186  0.013374051  0.012474717  0.011563072  0.010640015  0.0097064584  0.0087633224  0.0078115381  0.0068520448  0.0058857893  0.0049137253  0.0039368120  0.0029560136  0.0019722979  0.00098663579  0.0000000  
0.020000000  0.0000000  0.0019722979  0.0039426493  0.0059091099  0.0078697388  0.0098226013  0.011765770  0.013697327  0.015615367  0.017517996  0.019403338  0.021269530  0.023114732  0.024937122  0.026734903  0.028506299  0.030249563  0.031962975  0.033644843  0.035293507  0.036907341  0.038484752  0.040024183  0.041524116  0.042983068  0.044399602  0.045772319  0.047099864  0.048380927  0.049614244  0.050798597  0.051932819  0.053015789  0.054046439  0.055023752  0.055946763  0.056814561  0.057626290  0.058381149  0.059078392  0.059717333  0.060297339  0.060817840  0.061278320  0.061678327  0.062017464  0.062295398  0.062511853  0.062666617  0.062759536  0.062790520  0.062759536  0.062666617  0.062511853  0.062295398  0.062017464  0.061678327  0.061278320  0.060817840  0.060297339  0.059717333  0.059078392  0.058381149  0.057626290  0.056814561  0.055946763  0.055023752  0.054046439  0.053015789  0.051932819  0.050798597  0.049614244  0.048380927  0.047099864  0.045772319  0.044399602  0.042983068  0.041524116  0.040024183  0.038484752  0.036907341  0.035293507  0.033644843  0.031962975  0.030249563  0.028506299  0.026734903  0.024937122  0.023114732  0.021269530  0.019403338  0.017517996  0.015615367  0.013697327  0.011765770  0.0098226013  0.0078697388  0.0059091099  0.0039426493  0.0019722979  0.0000000  
0.030000000  0.0000000  0.0029560136  0.0059091099  0.0088563746  0.011794899  0.014721784  0.017634139  0.020529093  0.023403786  0.026255382  0.029081068  0.031878054  0.034643581  0.037374918  0.040069371  0.042724280  0.045337026  0.047905029  0.050425756  0.052896719  0.055315479  0.057679649  0.059986897  0.062234944  0.064421574  0.066544627  0.068602008  0.070591688  0.072511702  0.074360155  0.076135225  0.077835158  0.079458277  0.081002980  0.082467744  0.083851121  0.085151748  0.086368340  0.087499697  0.088544702  0.089502325  0.090371619  0.091151728  0.091841880  0.092441396  0.092949684  0.093366241  0.093690657  0.093922612  0.094061877  0.094108313  0.094061877  0.093922612  0.093690657  0.093366241  0.092949684  0.092441396  0.091841880  0.091151728  0.090371619  0.089502325  0.088544702  0.087499697  0.086368340  0.085151748  0.083851121  0.082467744  0.081002980  0.079458277  0.077835158  0.076135225  0.074360155  0.072511702  0.070591688  0.068602008  0.066544627  0.064421574  0.062234944  0.059986897  0.057679649  0.055315479  0.052896719  0.050425756  0.047905029  0.045337026  0.042724280  0.040069371  0.037374918  0.034643581  0.031878054  0.029081068  0.026255382  0.023403786  0.020529093  0.017634139  0.014721784  0.011794899  0.0088563746  0.0059091099  0.0029560136  0.0000000  
0.040000000  0.0000000  0.0039368120  0.0078697388  0.011794899  0.015708419  0.019606437  0.023485106  0.027340598  0.031169108  0.034966857  0.038730099  0.042455119  0.046138241  0.049775829  0.053364295  0.056900097  0.060379746  0.063799807  0.067156905  0.070447727  0.073669026  0.076817623  0.079890410  0.082884354  0.085796502  0.088623979  0.091363995  0.094013846  0.096570916  0.099032683  0.10139672  0.10366068  0.10582235  0.10787958  0.10983035  0.11167273  0.11340490  0.11502515  0.11653189  0.11792363  0.11919899  0.12035671  0.12139566  0.12231480  0.12311324  0.12379017  0.12434494  0.12477700  0.12508592  0.12527139  0.12533323  0.12527139  0.12508592  0.12477700  0.12434494  0.12379017  0.12311324  0.12231480  0.12139566  0.12035671  0.11919899  0.11792363  0.11653189  0.11502515  0.11340490  0.11167273  0.10983035  0.10787958  0.10582235  0.10366068  0.10139672  0.099032683  0.096570916  0.094013846  0.091363995  0.088623979  0.085796502  0.082884354  0.079890410  0.076817623  0.073669026  0.070447727  0.067156905  0.063799807  0.060379746  0.056900097  0.053364295  0.049775829  0.046138241  0.042455119  0.038730099  0.034966857  0.031169108  0.027340598  0.023485106  0.019606437  0.015708419  0.011794899  0.0078697388  0.0039368120  0.0000000  
0.050000000  0.0000000  0.0049137253  0.0098226013  0.014721784  0.019606437  0.024471742  0.029312896  0.034125121  0.038903669  0.043643824  0.048340908  0.052990285  0.057587367  0.062127618  0.066606556  0.071019761  0.075362878  0.079631622  0.083821778  0.087929213  0.091949872  0.095879787  0.099715081  0.10345197  0.10708676  0.11061587  0.11403582  0.11734322  0.12053483  0.12360748  0.12655814  0.12938391  0.13208199  0.13464972  0.13708457  0.13938413  0.14154614  0.14356845  0.14544909  0.14718618  0.14877802  0.15022303  0.15151979  0.15266702  0.15366358  0.15450850  0.15520093  0.15574020  0.15612578  0.15635727  0.15643447  0.15635727  0.15612578  0.15574020  0.15520093  0.15450850  0.15366358  0.15266702  0.15151979  0.15022303  0.14877802  0.14718618  0.14544909  0.14356845  0.14154614  0.13938413  0.13708457  0.13464972  0.13208199  0.12938391  0.12655814  0.12360748  0.12053483  0.11734322  0.11403582  0.11061587  0.10708676  0.10345197  0.099715081  0.095879787  0.091949872  0.087929213  0.083821778  0.079631622  0.075362878  0.071019761  0.066606556  0.062127618  0.057587367  0.052990285  0.048340908  0.043643824  0.038903669  0.034125121  0.029312896  0.024471742  0.019606437  0.014721784  0.0098226013  0.0049137253  0.0000000  
0.060000000  0.0000000  0.0058857893  0.011765770  0.017634139  0.023485106  0.029312896  0.035111757  0.040875967  0.046599838  0.052277720  0.057904011  0.063473157  0.068979663  0.074418094  0.079783083  0.085069337  0.090271637  0.095384850  0.10040393  0.10532392  0.11013997  0.11484733  0.11944135  0.12391749  0.12827134  0.13249860  0.13659510  0.14055680  0.14437978  0.14806028  0.15159467  0.15497945  0.15821128  0.16128697  0.16420350  0.16695797  0.16954768  0.17197007  0.17422274  0.17630348  0.17821022  0.17994109  0.18149439  0.18286857  0.18406228  0.18507434  0.18590376  0.18654971  0.18701156  0.18728885  0.18738131  0.18728885  0.18701156  0.18654971  0.18590376  0.18507434  0.18406228  0.18286857  0.18149439  0.17994109  0.17821022  0.17630348  0.17422274  0.17197007  0.16954768  0.16695797  0.16420350  0.16128697  0.15821128  0.15497945  0.15159467  0.14806028  0.14437978  0.14055680  0.13659510  0.13249860  0.12827134  0.12391749  0.11944135  0.11484733  0.11013997  0.10532392  0.10040393  0.095384850  0.090271637  0.085069337  0.079783083  0.074418094  0.068979663  0.063473157  0.057904011  0.052277720  0.046599838  0.040875967  0.035111757  0.029312896  0.023485106  0.017634139  0.011765770  0.0058857893  0.0000000  
0.070000000  0.0000000  0.0068520448  0.013697327  0.020529093  0.027340598  0.034125121  0.040875967  0.047586474  0.054250018  0.060860024  0.067409969  0.073893388  0.080303883  0.086635128  0.092880875  0.099034959  0.10509131  0.11104394  0.11688699  0.12261469  0.12822138  0.13370153  0.13904974  0.14426071  0.14932932  0.15425057  0.15901958  0.16363166  0.16808226  0.17236698  0.17648159  0.18042204  0.18418443  0.18776506  0.19116038  0.19436705  0.19738191  0.20020197  0.20282446  0.20524678  0.20746655  0.20948158  0.21128987  0.21288965  0.21427932  0.21545754  0.21642312  0.21717511  0.21771279  0.21803560  0.21814324  0.21803560  0.21771279  0.21717511  0.21642312  0.21545754  0.21427932  0.21288965  0.21128987  0.20948158  0.20746655  0.20524678  0.20282446  0.20020197  0.19738191  0.19436705  0.19116038  0.18776506  0.18418443  0.18042204  0.17648159  0.17236698  0.16808226  0.16363166  0.15901958  0.15425057  0.14932932  0.14426071  0.13904974  0.13370153  0.12822138  0.12261469  0.11688699  0.11104394  0.10509131  0.099034959  0.092880875  0.086635128  0.080303883  0.073893388  0.067409969  0.060860024  0.054250018  0.047586474  0.040875967  0.034125121  0.027340598  0.020529093  0.013697327  0.0068520448  0.0000000  
0.080000000  0.0000000  0.0078115381  0.015615367  0.023403786  0.031169108  0.038903669  0.046599838  0.054250018  0.061846660  0.069382267  0.076849401  0.084240695  0.091548853  0.098766664  0.10588700  0.11290285  0.11980727  0.12659345  0.13325471  0.13978445  0.14617625  0.15242379  0.15852090  0.16446157  0.17023994  0.17585031  0.18128713  0.18654504  0.19161885  0.19650356  0.20119435  0.20568657  0.20997582  0.21405784  0.21792861  0.22158431  0.22502134  0.22823629  0.23122601  0.23398753  0.23651814  0.23881533  0.24087684  0.24270063  0.24428491  0.24562810  0.24672889  0.24758619  0.24819915  0.24856717  0.24868989  0.24856717  0.24819915  0.24758619  0.24672889  0.24562810  0.24428491  0.24270063  0.24087684  0.23881533  0.23651814  0.23398753  0.23122601  0.22823629  0.22502134  0.22158431  0.21792861  0.21405784  0.20997582  0.20568657  0.20119435  0.19650356  0.19161885  0.18654504  0.18128713  0.17585031  0.17023994  0.16446157  0.15852090  0.15242379  0.14617625  0.13978445  0.13325471  0.12659345  0.11980727  0.11290285  0.10588700  0.098766664  0.091548853  0.084240695  0.076849401  0.069382267  0.061846660  0.054250018  0.046599838  0.038903669  0.031169108  0.023403786  0.015615367  0.0078115381  0.0000000  
0.090000000  0.0000000  0.0087633224  0.017517996  0.026255382  0.034966857  0.043643824  0.052277720  0.060860024  0.069382267  0.077836037  0.086212993  0.094504867  0.10270348  0.11080073  0.11878864  0.12665931  0.13440499  0.14201803  0.14949091  0.15681626  0.16398686  0.17099562  0.17783562  0.18450013  0.19098255  0.19727650  0.20337576  0.20927432  0.21496634  0.22044622  0.22570855  0.23074812  0.23555998  0.24013937  0.24448177  0.24858290  0.25243870  0.25604538  0.25939937  0.26249737  0.26533631  0.26791340  0.27022609  0.27227210  0.27404941  0.27555626  0.27679118  0.27775293  0.27844058  0.27885344  0.27899111  0.27885344  0.27844058  0.27775293  0.27679118  0.27555626  0.27404941  0.27227210  0.27022609  0.26791340  0.26533631  0.26249737  0.25939937  0.25604538  0.25243870  0.24858290  0.24448177  0.24013937  0.23555998  0.23074812  0.22570855  0.22044622  0.21496634  0.20927432  0.20337576  0.19727650  0.19098255  0.18450013  0.17783562  0.17099562  0.16398686  0.15681626  0.14949091  0.14201803  0.13440499  0.12665931  0.11878864  0.11080073  0.10270348  0.094504867  0.086212993  0.077836037  0.069382267  0.060860024  0.052277720  0.043643824  0.034966857  0.026255382  0.017517996  0.0087633224  0.0000000  
0.10000000  0.0000000  0.0097064584  0.019403338  0.029081068  0.038730099  0.048340908  0.057904011  0.067409969  0.076849401  0.086212993  0.095491503  0.10467577  0.11375674  0.12272545  0.13157304  0.14029078  0.14887007  0.15730245  0.16557959  0.17369332  0.18163563  0.18939870  0.19697485  0.20435660  0.21153669  0.21850801  0.22526369  0.23179707  0.23810169  0.24417133  0.25000000  0.25558195  0.26091168  0.26598391  0.27079366  0.27533616  0.27960694  0.28360178  0.28731674  0.29074815  0.29389263  0.29674707  0.29930866  0.30157486  0.30354345  0.30521248  0.30658030  0.30764557  0.30840722  0.30886451  0.30901699  0.30886451  0.30840722  0.30764557  0.30658030  0.30521248  0.30354345  0.30157486  0.29930866  0.29674707  0.29389263  0.29074815  0.28731674  0.28360178  0.27960694  0.27533616  0.27079366  0.26598391  0.26091168  0.25558195  0.25000000  0.24417133  0.23810169  0.23179707  0.22526369  0.21850801  0.21153669  0.20435660  0.19697485  0.18939870  0.18163563  0.17369332  0.16557959  0.15730245  0.14887007  0.14029078  0.13157304  0.12272545  0.11375674  0.10467577  0.095491503  0.086212993  0.076849401  0.067409969  0.057904011  0.048340908  0.038730099  0.029081068  0.019403338  0.0097064584  0.0000000  
0.11000000  0.0000000  0.010640015  0.021269530  0.031878054  0.042455119  0.052990285  0.063473157  0.073893388  0.084240695  0.094504867  0.10467577  0.11474338  0.12469775  0.13452905  0.14422759  0.15378380  0.16318824  0.17243163  0.18150485  0.19039895  0.19910515  0.20761486  0.21591968  0.22401141  0.23188206  0.23952388  0.24692932  0.25409106  0.26100205  0.26765547  0.27404473  0.28016355  0.28600589  0.29156596  0.29683830  0.30181770  0.30649923  0.31087829  0.31495055  0.31871199  0.32215891  0.32528789  0.32809585  0.33058001  0.33273794  0.33456749  0.33606687  0.33723459  0.33806950  0.33857077  0.33873792  0.33857077  0.33806950  0.33723459  0.33606687  0.33456749  0.33273794  0.33058001  0.32809585  0.32528789  0.32215891  0.31871199  0.31495055  0.31087829  0.30649923  0.30181770  0.29683830  0.29156596  0.28600589  0.28016355  0.27404473  0.26765547  0.26100205  0.25409106  0.24692932  0.23952388  0.23188206  0.22401141  0.21591968  0.20761486  0.19910515  0.19039895  0.18150485  0.17243163  0.16318824  0.15378380  0.14422759  0.13452905  0.12469775  0.11474338  0.10467577  0.094504867  0.084240695  0.073893388  0.063473157  0.052990285  0.042455119  0.031878054  0.021269530  0.010640015  0.0000000  
0.12000000  0.0000000  0.011563072  0.023114732  0.034643581  0.046138241  0.057587367  0.068979663  0.080303883  0.091548853  0.10270348  0.11375674  0.12469775  0.13551569  0.14619989  0.15673981  0.16712505  0.17734536  0.18739064  0.19725100  0.20691669  0.21637818  0.22562613  0.23465142  0.24344513  0.25199860  0.26030337  0.26835125  0.27613430  0.28364484  0.29087546  0.29781902  0.30446867  0.31081784  0.31686027  0.32259000  0.32800138  0.33308905  0.33784801  0.34227355  0.34636131  0.35010725  0.35350768  0.35655924  0.35925892  0.36160405  0.36359233  0.36522178  0.36649080  0.36739814  0.36794291  0.36812455  0.36794291  0.36739814  0.36649080  0.36522178  0.36359233  0.36160405  0.35925892  0.35655924  0.35350768  0.35010725  0.34636131  0.34227355  0.33784801  0.33308905  0.32800138  0.32259000  0.31686027  0.31081784  0.30446867  0.29781902  0.29087546  0.28364484  0.27613430  0.26835125  0.26030337  0.25199860  0.24344513  0.23465142  0.22562613  0.21637818  0.20691669  0.19725100  0.18739064  0.17734536  0.16712505  0.15673981  0.14619989  0.13551569  0.12469775  0.11375674  0.10270348  0.091548853  0.080303883  0.068979663  0.057587367  0.046138241  0.034643581  0.023114732  0.011563072  0.0000000  
0.13000000  0.0000000  0.012474717  0.024937122  0.037374918  0.049775829  0.062127618  0.074418094  0.086635128  0.098766664  0.11080073  0.12272545  0.13452905  0.14619989  0.15772645  0.16909735  0.18030137  0.19132746  0.20216472  0.21280248  0.22323023  0.23343767  0.24341474  0.25315159  0.26263861  0.27186644  0.28082597  0.28950835  0.29790503  0.30600771  0.31380840  0.32129939  0.32847331  0.33532305  0.34184188  0.34802335  0.35386136  0.35935016  0.36448431  0.36925877  0.37366881  0.37771009  0.38137861  0.38467076  0.38758328  0.39011331  0.39225834  0.39401626  0.39538533  0.39636421  0.39695192  0.39714789  0.39695192  0.39636421  0.39538533  0.39401626  0.39225834  0.39011331  0.38758328  0.38467076  0.38137861  0.37771009  0.37366881  0.36925877  0.36448431  0.35935016  0.35386136  0.34802335  0.34184188  0.33532305  0.32847331  0.32129939  0.31380840  0.30600771  0.29790503  0.28950835  0.28082597  0.27186644  0.26263861  0.25315159  0.24341474  0.23343767  0.22323023  0.21280248  0.20216472  0.19132746  0.18030137  0.16909735  0.15772645  0.14619989  0.13452905  0.12272545  0.11080073  0.098766664  0.086635128  0.074418094  0.062127618  0.049775829  0.037374918  0.024937122  0.012474717  0.0000000  
0.14000000  0.0000000  0.013374051  0.026734903  0.040069371  0.053364295  0.066606556  0.079783083  0.092880875  0.10588700  0.11878864  0.13157304  0.14422759  0.15673981  0.16909735  0.18128801  0.19329975  0.20512074  0.21673929  0.22814395  0.23932346  0.25026679  0.26096313  0.27140193  0.28157290  0.29146598  0.30107142  0.31037975  0.31938176  0.32806858  0.33643164  0.34446268  0.35215378  0.35949735  0.36648613  0.37311324  0.37937213  0.38525662  0.39076091  0.39587957  0.40060755  0.40494017  0.40887317  0.41240265  0.41552515  0.41823757  0.42053724  0.42242189  0.42388967  0.42493911  0.42556920  0.42577929  0.42556920  0.42493911  0.42388967  0.42242189  0.42053724  0.41823757  0.41552515  0.41240265  0.40887317  0.40494017  0.40060755  0.39587957  0.39076091  0.38525662  0.37937213  0.37311324  0.36648613  0.35949735  0.35215378  0.34446268  0.33643164  0.32806858  0.31938176  0.31037975  0.30107142  0.29146598  0.28157290  0.27140193  0.26096313  0.25026679  0.23932346  0.22814395  0.21673929  0.20512074  0.19329975  0.18128801  0.16909735  0.15673981  0.14422759  0.13157304  0.11878864  0.10588700  0.092880875  0.079783083  0.066606556  0.053364295  0.040069371  0.026734903  0.013374051  0.0000000  
0.15000000  0.0000000  0.014260186  0.028506299  0.042724280  0.056900097  0.071019761  0.085069337  0.099034959  0.11290285  0.12665931  0.14029078  0.15378380  0.16712505  0.18030137  0.19329975  0.20610737  0.21871159  0.23109997  0.24326027  0.25518051  0.26684892  0.27825398  0.28938444  0.30022930  0.31077788  0.32101976  0.33094483  0.34054330  0.34980569  0.35872287  0.36728603  0.37548672  0.38331686  0.39076870  0.39783491  0.40450850  0.41078289  0.41665188  0.42210969  0.42715093  0.43177062  0.43596421  0.43972755  0.44305694  0.44594908  0.44840112  0.45041065  0.45197567  0.45309465  0.45376648  0.45399050  0.45376648  0.45309465  0.45197567  0.45041065  0.44840112  0.44594908  0.44305694  0.43972755  0.43596421  0.43177062  0.42715093  0.42210969  0.41665188  0.41078289  0.40450850  0.39783491  0.39076870  0.38331686  0.37548672  0.36728603  0.35872287  0.34980569  0.34054330  0.33094483  0.32101976  0.31077788  0.30022930  0.28938444  0.27825398  0.26684892  0.25518051  0.24326027  0.23109997  0.21871159  0.20610737  0.19329975  0.18030137  0.16712505  0.15378380  0.14029078  0.12665931  0.11290285  0.099034959  0.085069337  0.071019761  0.056900097  0.042724280  0.028506299  0.014260186  0.0000000  
0.16000000  0.0000000  0.015132249  0.030249563  0.045337026  0.060379746  0.075362878  0.090271637  0.10509131  0.11980727  0.13440499  0.14887007  0.16318824  0.17734536  0.19132746  0.20512074  0.21871159  0.23208660  0.24523257  0.25813653  0.27078573  0.28316770  0.29527022  0.30708135  0.31858942  0.32978308  0.34065129  0.35118331  0.36136876  0.37119759  0.38066008  0.38974691  0.39844911  0.40675808  0.41466563  0.42216396  0.42924567  0.43590376  0.44213166  0.44792324  0.45327277  0.45817497  0.46262501  0.46661850  0.47015149  0.47322049  0.47582249  0.47795490  0.47961563  0.48080304  0.48151596  0.48175367  0.48151596  0.48080304  0.47961563  0.47795490  0.47582249  0.47322049  0.47015149  0.46661850  0.46262501  0.45817497  0.45327277  0.44792324  0.44213166  0.43590376  0.42924567  0.42216396  0.41466563  0.40675808  0.39844911  0.38974691  0.38066008  0.37119759  0.36136876  0.35118331  0.34065129  0.32978308  0.31858942  0.30708135  0.29527022  0.28316770  0.27078573  0.25813653  0.24523257  0.23208660  0.21871159  0.20512074  0.19132746  0.17734536  0.16318824  0.14887007  0.13440499  0.11980727  0.10509131  0.090271637  0.075362878  0.060379746  0.045337026  0.030249563  0.015132249  0.0000000  
0.17000000  0.0000000  0.015989377  0.031962975  0.047905029  0.063799807  0.079631622  0.095384850  0.11104394  0.12659345  0.14201803  0.15730245  0.17243163  0.18739064  0.20216472  0.21673929  0.23109997  0.24523257  0.25912316  0.27275803  0.28612372  0.29920704  0.31199507  0.32447521  0.33663513  0.34846283  0.35994664  0.37107522  0.38183760  0.39222315  0.40222163  0.41182316  0.42101827  0.42979788  0.43815334  0.44607639  0.45355922  0.46059444  0.46717511  0.47329474  0.47894728  0.48412716  0.48882926  0.49304894  0.49678205  0.50002489  0.50277427  0.50502747  0.50678227  0.50803694  0.50879023  0.50904142  0.50879023  0.50803694  0.50678227  0.50502747  0.50277427  0.50002489  0.49678205  0.49304894  0.48882926  0.48412716  0.47894728  0.47329474  0.46717511  0.46059444  0.45355922  0.44607639  0.43815334  0.42979788  0.42101827  0.41182316  0.40222163  0.39222315  0.38183760  0.37107522  0.35994664  0.34846283  0.33663513  0.32447521  0.31199507  0.29920704  0.28612372  0.27275803  0.25912316  0.24523257  0.23109997  0.21673929  0.20216472  0.18739064  0.17243163  0.15730245  0.14201803  0.12659345  0.11104394  0.095384850  0.079631622  0.063799807  0.047905029  0.031962975  0.015989377  0.0000000  
0.18000000  0.0000000  0.016830726  0.033644843  0.050425756  0.067156905  0.083821778  0.10040393  0.11688699  0.13325471  0.14949091  0.16557959  0.18150485  0.19725100  0.21280248  0.22814395  0.24326027  0.25813653  0.27275803  0.28711035  0.30117933  0.31495109  0.32841202  0.34154885  0.35434862  0.36679868  0.37888676  0.39060092  0.40192961  0.41286164  0.42338623  0.43349298  0.44317193  0.45241353  0.46120864  0.46954860  0.47742517  0.48483058  0.49175752  0.49819915  0.50414913  0.50960156  0.51455109  0.51899281  0.52292235  0.52633583  0.52922988  0.53160164  0.53344878  0.53476946  0.53556240  0.53582679  0.53556240  0.53476946  0.53344878  0.53160164  0.52922988  0.52633583  0.52292235  0.51899281  0.51455109  0.50960156  0.50414913  0.49819915  0.49175752  0.48483058  0.47742517  0.46954860  0.46120864  0.45241353  0.44317193  0.43349298  0.42338623  0.41286164  0.40192961  0.39060092  0.37888676  0.36679868  0.35434862  0.34154885  0.32841202  0.31495109  0.30117933  0.28711035  0.27275803  0.25813653  0.24326027  0.22814395  0.21280248  0.19725100  0.18150485  0.16557959  0.14949091  0.13325471  0.11688699  0.10040393  0.083821778  0.067156905  0.050425756  0.033644843  0.016830726  0.0000000  
0.19000000  0.0000000  0.017655466  0.035293507  0.052896719  0.070447727  0.087929213  0.10532392  0.12261469  0.13978445  0.15681626  0.17369332  0.19039895  0.20691669  0.22323023  0.23932346  0.25518051  0.27078573  0.28612372  0.30117933  0.31593772  0.33038432  0.34450487  0.35828543  0.37171241  0.38477255  0.39745297  0.40974115  0.42162496  0.43309269  0.44413300  0.45473500  0.46488824  0.47458269  0.48380879  0.49255742  0.50081996  0.50858825  0.51585462  0.52261191  0.52885344  0.53457306  0.53976512  0.54442449  0.54854659  0.55212734  0.55516320  0.55765118  0.55958883  0.56097423  0.56180602  0.56208338  0.56180602  0.56097423  0.55958883  0.55765118  0.55516320  0.55212734  0.54854659  0.54442449  0.53976512  0.53457306  0.52885344  0.52261191  0.51585462  0.50858825  0.50081996  0.49255742  0.48380879  0.47458269  0.46488824  0.45473500  0.44413300  0.43309269  0.42162496  0.40974115  0.39745297  0.38477255  0.37171241  0.35828543  0.34450487  0.33038432  0.31593772  0.30117933  0.28612372  0.27078573  0.25518051  0.23932346  0.22323023  0.20691669  0.19039895  0.17369332  0.15681626  0.13978445  0.12261469  0.10532392  0.087929213  0.070447727  0.052896719  0.035293507  0.017655466  0.0000000  
0.20000000  0.0000000  0.018462781  0.036907341  0.055315479  0.073669026  0.091949872  0.11013997  0.12822138  0.14617625  0.16398686  0.18163563  0.19910515  0.21637818  0.23343767  0.25026679  0.26684892  0.28316770  0.29920704  0.31495109  0.33038432  0.34549150  0.36025773  0.37466842  0.38870936  0.40236669  0.41562694  0.42847701  0.44090422  0.45289632  0.46444146  0.47552826  0.48614576  0.49628350  0.50593147  0.51508014  0.52372049  0.53184400  0.53944263  0.54650891  0.55303584  0.55901699  0.56444647  0.56931890  0.57362948  0.57737396  0.58054864  0.58315039  0.58517664  0.58662539  0.58749522  0.58778525  0.58749522  0.58662539  0.58517664  0.58315039  0.58054864  0.57737396  0.57362948  0.56931890  0.56444647  0.55901699  0.55303584  0.54650891  0.53944263  0.53184400  0.52372049  0.51508014  0.50593147  0.49628350  0.48614576  0.47552826  0.46444146  0.45289632  0.44090422  0.42847701  0.41562694  0.40236669  0.38870936  0.37466842  0.36025773  0.34549150  0.33038432  0.31495109  0.29920704  0.28316770  0.26684892  0.25026679  0.23343767  0.21637818  0.19910515  0.18163563  0.16398686  0.14617625  0.12822138  0.11013997  0.091949872  0.073669026  0.055315479  0.036907341  0.018462781  0.0000000  
0.21000000  0.0000000  0.019251876  0.038484752  0.057679649  0.076817623  0.095879787  0.11484733  0.13370153  0.15242379  0.17099562  0.18939870  0.20761486  0.22562613  0.24341474  0.26096313  0.27825398  0.29527022  0.31199507  0.32841202  0.34450487  0.36025773  0.37565506  0.39068166  0.40532271  0.41956375  0.43339073  0.44679001  0.45974837  0.47225300  0.48429158  0.49585222  0.50692352  0.51749454  0.52755486  0.53709455  0.54610418  0.55457488  0.56249828  0.56986657  0.57667246  0.58290925  0.58857077  0.59365145  0.59814627  0.60205078  0.60536115  0.60807410  0.61018695  0.61169762  0.61260462  0.61290705  0.61260462  0.61169762  0.61018695  0.60807410  0.60536115  0.60205078  0.59814627  0.59365145  0.58857077  0.58290925  0.57667246  0.56986657  0.56249828  0.55457488  0.54610418  0.53709455  0.52755486  0.51749454  0.50692352  0.49585222  0.48429158  0.47225300  0.45974837  0.44679001  0.43339073  0.41956375  0.40532271  0.39068166  0.37565506  0.36025773  0.34450487  0.32841202  0.31199507  0.29527022  0.27825398  0.26096313  0.24341474  0.22562613  0.20761486  0.18939870  0.17099562  0.15242379  0.13370153  0.11484733  0.095879787  0.076817623  0.057679649  0.038484752  0.019251876  0.0000000  
0.22000000  0.0000000  0.020021971  0.040024183  0.059986897  0.079890410  0.099715081  0.11944135  0.13904974  0.15852090  0.17783562  0.19697485  0.21591968  0.23465142  0.25315159  0.27140193  0.28938444  0.30708135  0.32447521  0.34154885  0.35828543  0.37466842  0.39068166  0.40630934  0.42153605  0.43634675  0.45072683  0.46466209  0.47813879  0.49114363  0.50366376  0.51568684  0.52720100  0.53819487  0.54865762  0.55857890  0.56794893  0.57675847  0.58499882  0.59266184  0.59973997  0.60622624  0.61211423  0.61739814  0.62207276  0.62613346  0.62957624  0.63239771  0.63459508  0.63616618  0.63710946  0.63742399  0.63710946  0.63616618  0.63459508  0.63239771  0.62957624  0.62613346  0.62207276  0.61739814  0.61211423  0.60622624  0.59973997  0.59266184  0.58499882  0.57675847  0.56794893  0.55857890  0.54865762  0.53819487  0.52720100  0.51568684  0.50366376  0.49114363  0.47813879  0.46466209  0.45072683  0.43634675  0.42153605  0.40630934  0.39068166  0.37466842  0.35828543  0.34154885  0.32447521  0.30708135  0.28938444  0.27140193  0.25315159  0.23465142  0.21591968  0.19697485  0.17783562  0.15852090  0.13904974  0.11944135  0.099715081  0.079890410  0.059986897  0.040024183  0.020021971  0.0000000  
0.23000000  0.0000000  0.020772308  0.041524116  0.062234944  0.082884354  0.10345197  0.12391749  0.14426071  0.16446157  0.18450013  0.20435660  0.22401141  0.24344513  0.26263861  0.28157290  0.30022930  0.31858942  0.33663513  0.35434862  0.37171241  0.38870936  0.40532271  0.42153605  0.43733338  0.45269912  0.46761810  0.48207560  0.49605735  0.50954955  0.52253889  0.53501254  0.54695820  0.55836408  0.56921892  0.57951201  0.58923319  0.59837287  0.60692202  0.61487222  0.62221562  0.62894496  0.63505361  0.64053554  0.64538533  0.64959821  0.65317002  0.65609722  0.65837694  0.66000692  0.66098555  0.66131187  0.66098555  0.66000692  0.65837694  0.65609722  0.65317002  0.64959821  0.64538533  0.64053554  0.63505361  0.62894496  0.62221562  0.61487222  0.60692202  0.59837287  0.58923319  0.57951201  0.56921892  0.55836408  0.54695820  0.53501254  0.52253889  0.50954955  0.49605735  0.48207560  0.46761810  0.45269912  0.43733338  0.42153605  0.40532271  0.38870936  0.37171241  0.35434862  0.33663513  0.31858942  0.30022930  0.28157290  0.26263861  0.24344513  0.22401141  0.20435660  0.18450013  0.16446157  0.14426071  0.12391749  0.10345197  0.082884354  0.062234944  0.041524116  0.020772308  0.0000000  
0.24000000  0.0000000  0.021502144  0.042983068  0.064421574  0.085796502  0.10708676  0.12827134  0.14932932  0.17023994  0.19098255  0.21153669  0.23188206  0.25199860  0.27186644  0.29146598  0.31077788  0.32978308  0.34846283  0.36679868  0.38477255  0.40236669  0.41956375  0.43634675  0.45269912  0.46860474  0.48404790  0.49901336  0.51348636  0.52745261  0.54089833  0.55381024  0.56617561  0.57798224  0.58921846  0.59987320  0.60993594  0.61939674  0.62824627  0.63647580  0.64407721  0.65104299  0.65736626  0.66304080  0.66806100  0.67242189  0.67611920  0.67914925  0.68150906  0.68319631  0.68420932  0.68454711  0.68420932  0.68319631  0.68150906  0.67914925  0.67611920  0.67242189  0.66806100  0.66304080  0.65736626  0.65104299  0.64407721  0.63647580  0.62824627  0.61939674  0.60993594  0.59987320  0.58921846  0.57798224  0.56617561  0.55381024  0.54089833  0.52745261  0.51348636  0.49901336  0.48404790  0.46860474  0.45269912  0.43634675  0.41956375  0.40236669  0.38477255  0.36679868  0.34846283  0.32978308  0.31077788  0.29146598  0.27186644  0.25199860  0.23188206  0.21153669  0.19098255  0.17023994  0.14932932  0.12827134  0.10708676  0.085796502  0.064421574  0.042983068  0.021502144  0.0000000  
0.25000000  0.0000000  0.022210761  0.044399602  0.066544627  0.088623979  0.11061587  0.13249860  0.15425057  0.17585031  0.19727650  0.21850801  0.23952388  0.26030337  0.28082597  0.30107142  0.32101976  0.34065129  0.35994664  0.37888676  0.39745297  0.41562694  0.43339073  0.45072683  0.46761810  0.48404790  0.50000000  0.51545866  0.53040862  0.54483514  0.55872397  0.57206140  0.58483428  0.59703000  0.60863652  0.61964240  0.63003676  0.63980934  0.64895052  0.65745126  0.66530317  0.67249851  0.67903018  0.68489172  0.69007736  0.69458198  0.69840112  0.70153103  0.70396862  0.70571147  0.70675787  0.70710678  0.70675787  0.70571147  0.70396862  0.70153103  0.69840112  0.69458198  0.69007736  0.68489172  0.67903018  0.67249851  0.66530317  0.65745126  0.64895052  0.63980934  0.63003676  0.61964240  0.60863652  0.59703000  0.58483428  0.57206140  0.55872397  0.54483514  0.53040862  0.51545866  0.50000000  0.48404790  0.46761810  0.45072683  0.43339073  0.41562694  0.39745297  0.37888676  0.35994664  0.34065129  0.32101976  0.30107142  0.28082597  0.26030337  0.23952388  0.21850801  0.19727650  0.17585031  0.15425057  0.13249860  0.11061587  0.088623979  0.066544627  0.044399602  0.022210761  0.0000000  
0.26000000  0.0000000  0.022897458  0.045772319  0.068602008  0.091363995  0.11403582  0.13659510  0.15901958  0.18128713  0.20337576  0.22526369  0.24692932  0.26835125  0.28950835  0.31037975  0.33094483  0.35118331  0.37107522  0.39060092  0.40974115  0.42847701  0.44679001  0.46466209  0.48207560  0.49901336  0.51545866  0.53139526  0.54680744  0.56167998  0.57599821  0.58974801  0.60291579  0.61548857  0.62745393  0.63880008  0.64951580  0.65959053  0.66901433  0.67777789  0.68587256  0.69329036  0.70002397  0.70606674  0.71141270  0.71605659  0.71999381  0.72322049  0.72573344  0.72753017  0.72860893  0.72896863  0.72860893  0.72753017  0.72573344  0.72322049  0.71999381  0.71605659  0.71141270  0.70606674  0.70002397  0.69329036  0.68587256  0.67777789  0.66901433  0.65959053  0.64951580  0.63880008  0.62745393  0.61548857  0.60291579  0.58974801  0.57599821  0.56167998  0.54680744  0.53139526  0.51545866  0.49901336  0.48207560  0.46466209  0.44679001  0.42847701  0.40974115  0.39060092  0.37107522  0.35118331  0.33094483  0.31037975  0.28950835  0.26835125  0.24692932  0.22526369  0.20337576  0.18128713  0.15901958  0.13659510  0.11403582  0.091363995  0.068602008  0.045772319  0.022897458  0.0000000  
0.27000000  0.0000000  0.023561558  0.047099864  0.070591688  0.094013846  0.11734322  0.14055680  0.16363166  0.18654504  0.20927432  0.23179707  0.25409106  0.27613430  0.29790503  0.31938176  0.34054330  0.36136876  0.38183760  0.40192961  0.42162496  0.44090422  0.45974837  0.47813879  0.49605735  0.51348636  0.53040862  0.54680744  0.56266662  0.57797051  0.59270402  0.60685260  0.62040229  0.63333972  0.64565212  0.65732734  0.66835386  0.67872079  0.68841790  0.69743563  0.70576508  0.71339802  0.72032692  0.72654495  0.73204597  0.73682454  0.74087596  0.74419622  0.74678205  0.74863090  0.74974094  0.75011107  0.74974094  0.74863090  0.74678205  0.74419622  0.74087596  0.73682454  0.73204597  0.72654495  0.72032692  0.71339802  0.70576508  0.69743563  0.68841790  0.67872079  0.66835386  0.65732734  0.64565212  0.63333972  0.62040229  0.60685260  0.59270402  0.57797051  0.56266662  0.54680744  0.53040862  0.51348636  0.49605735  0.47813879  0.45974837  0.44090422  0.42162496  0.40192961  0.38183760  0.36136876  0.34054330  0.31938176  0.29790503  0.27613430  0.25409106  0.23179707  0.20927432  0.18654504  0.16363166  0.14055680  0.11734322  0.094013846  0.070591688  0.047099864  0.023561558  0.0000000  
0.28000000  0.0000000  0.024202406  0.048380927  0.072511702  0.096570916  0.12053483  0.14437978  0.16808226  0.19161885  0.21496634  0.23810169  0.26100205  0.28364484  0.30600771  0.32806858  0.34980569  0.37119759  0.39222315  0.41286164  0.43309269  0.45289632  0.47225300  0.49114363  0.50954955  0.52745261  0.54483514  0.56167998  0.57797051  0.59369066  0.60882490  0.62335831  0.63727654  0.65056585  0.66321313  0.67520590  0.68653233  0.69718123  0.70714209  0.71640510  0.72496109  0.73280164  0.73991900  0.74630615  0.75195679  0.75686533  0.76102695  0.76443752  0.76709368  0.76899281  0.77013304  0.77051324  0.77013304  0.76899281  0.76709368  0.76443752  0.76102695  0.75686533  0.75195679  0.74630615  0.73991900  0.73280164  0.72496109  0.71640510  0.70714209  0.69718123  0.68653233  0.67520590  0.66321313  0.65056585  0.63727654  0.62335831  0.60882490  0.59369066  0.57797051  0.56167998  0.54483514  0.52745261  0.50954955  0.49114363  0.47225300  0.45289632  0.43309269  0.41286164  0.39222315  0.37119759  0.34980569  0.32806858  0.30600771  0.28364484  0.26100205  0.23810169  0.21496634  0.19161885  0.16808226  0.14437978  0.12053483  0.096570916  0.072511702  0.048380927  0.024202406  0.0000000  
0.29000000  0.0000000  0.024819369  0.049614244  0.074360155  0.099032683  0.12360748  0.14806028  0.17236698  0.19650356  0.22044622  0.24417133  0.26765547  0.29087546  0.31380840  0.33643164  0.35872287  0.38066008  0.40222163  0.42338623  0.44413300  0.46444146  0.48429158  0.50366376  0.52253889  0.54089833  0.55872397  0.57599821  0.59270402  0.60882490  0.62434494  0.63924883  0.65352186  0.66714994  0.68011963  0.69241812  0.70403327  0.71495363  0.72516842  0.73466755  0.74344166  0.75148207  0.75878087  0.76533084  0.77112552  0.77615919  0.78042689  0.78392440  0.78664828  0.78859582  0.78976512  0.79015501  0.78976512  0.78859582  0.78664828  0.78392440  0.78042689  0.77615919  0.77112552  0.76533084  0.75878087  0.75148207  0.74344166  0.73466755  0.72516842  0.71495363  0.70403327  0.69241812  0.68011963  0.66714994  0.65352186  0.63924883  0.62434494  0.60882490  0.59270402  0.57599821  0.55872397  0.54089833  0.52253889  0.50366376  0.48429158  0.46444146  0.44413300  0.42338623  0.40222163  0.38066008  0.35872287  0.33643164  0.31380840  0.29087546  0.26765547  0.24417133  0.22044622  0.19650356  0.17236698  0.14806028  0.12360748  0.099032683  0.074360155  0.049614244  0.024819369  0.0000000  
0.30000000  0.0000000  0.025411838  0.050798597  0.076135225  0.10139672  0.12655814  0.15159467  0.17648159  0.20119435  0.22570855  0.25000000  0.27404473  0.29781902  0.32129939  0.34446268  0.36728603  0.38974691  0.41182316  0.43349298  0.45473500  0.47552826  0.49585222  0.51568684  0.53501254  0.55381024  0.57206140  0.58974801  0.60685260  0.62335831  0.63924883  0.65450850  0.66912224  0.68307564  0.69635493  0.70894700  0.72083942  0.73202046  0.74247909  0.75220498  0.76118853  0.76942088  0.77689391  0.78360024  0.78953325  0.79468708  0.79905665  0.80263765  0.80542655  0.80742058  0.80861779  0.80901699  0.80861779  0.80742058  0.80542655  0.80263765  0.79905665  0.79468708  0.78953325  0.78360024  0.77689391  0.76942088  0.76118853  0.75220498  0.74247909  0.73202046  0.72083942  0.70894700  0.69635493  0.68307564  0.66912224  0.65450850  0.63924883  0.62335831  0.60685260  0.58974801  0.57206140  0.55381024  0.53501254  0.51568684  0.49585222  0.47552826  0.45473500  0.43349298  0.41182316  0.38974691  0.36728603  0.34446268  0.32129939  0.29781902  0.27404473  0.25000000  0.22570855  0.20119435  0.17648159  0.15159467  0.12655814  0.10139672  0.076135225  0.050798597  0.025411838  0.0000000  
0.31000000  0.0000000  0.025979229  0.051932819  0.077835158  0.10366068  0.12938391  0.15497945  0.18042204  0.20568657  0.23074812  0.25558195  0.28016355  0.30446867  0.32847331  0.35215378  0.37548672  0.39844911  0.42101827  0.44317193  0.46488824  0.48614576  0.50692352  0.52720100  0.54695820  0.56617561  0.58483428  0.60291579  0.62040229  0.63727654  0.65352186  0.66912224  0.68406228  0.69832723  0.71190301  0.72477623  0.73693419  0.74836488  0.75905702  0.76900007  0.77818421  0.78660037  0.79424025  0.80109632  0.80716180  0.81243070  0.81689784  0.82055880  0.82340996  0.82544852  0.82667246  0.82708057  0.82667246  0.82544852  0.82340996  0.82055880  0.81689784  0.81243070  0.80716180  0.80109632  0.79424025  0.78660037  0.77818421  0.76900007  0.75905702  0.74836488  0.73693419  0.72477623  0.71190301  0.69832723  0.68406228  0.66912224  0.65352186  0.63727654  0.62040229  0.60291579  0.58483428  0.56617561  0.54695820  0.52720100  0.50692352  0.48614576  0.46488824  0.44317193  0.42101827  0.39844911  0.37548672  0.35215378  0.32847331  0.30446867  0.28016355  0.25558195  0.23074812  0.20568657  0.18042204  0.15497945  0.12938391  0.10366068  0.077835158  0.051932819  0.025979229  0.0000000  
