0.0000000  0.0000000  0.0000000  0.0000000  0.0000000  0.0000000  0.0000000  0.0000000  0.0000000  0.0000000  0.0000000  0.0000000  
0.10000000  0.0000000  0.095491503  0.18163563  0.25000000  0.29389263  0.30901699  0.29389263  0.25000000  0.18163563  0.095491503  0.0000000  
0.20000000  0.0000000  0.18163563  0.34549150  0.47552826  0.55901699  0.58778525  0.55901699  0.47552826  0.34549150  0.18163563  0.0000000  
0.30000000  0.0000000  0.25000000  0.47552826  0.65450850  0.76942088  0.80901699  0.76942088  0.65450850  0.47552826  0.25000000  0.0000000  
0.40000000  0.0000000  0.29389263  0.55901699  0.76942088  0.90450850  0.95105652  0.90450850  0.76942088  0.55901699  0.29389263  0.0000000  
0.50000000  0.0000000  0.30901699  0.58778525  0.80901699  0.95105652  1.0000000  0.95105652  0.80901699  0.58778525  0.30901699  0.0000000  
0.60000000  0.0000000  0.29389263  0.55901699  0.76942088  0.90450850  0.95105652  0.90450850  0.76942088  0.55901699  0.29389263  0.0000000  
0.70000000  0.0000000  0.25000000  0.47552826  0.65450850  0.76942088  0.80901699  0.76942088  0.65450850  0.47552826  0.25000000  0.0000000  
0.80000000  0.0000000  0.18163563  0.34549150  0.47552826  0.55901699  0.58778525  0.55901699  0.47552826  0.34549150  0.18163563  0.0000000  
0.90000000  0.0000000  0.095491503  0.18163563  0.25000000  0.29389263  0.30901699  0.29389263  0.25000000  0.18163563  0.095491503  0.0000000  
1.0000000  0.0000000  0.0000000  0.0000000  0.0000000  0.0000000  0.0000000  0.0000000  0.0000000  0.0000000  0.0000000  0.0000000  
